6 2 4 6 2 5 7 0 4 2 6 1 5 3 7 0 4 2 6 1 5 3 7 0 4 2 6 1 5 3 7 4 6 2 5 1 7 3 4 0 6 2 5 1 7 3 4 0 6 2 5 1 7 3 4 0 6 2 5 1 7 3 4 0 6 2 5 1 7 3 231 231 
1 6 2 5 0 7 3 4 1 6 2 5 0 7 3 4 1 6 2 5 0 7 3 4 1 6 2 5 0 7 3 4 1 6 2 5 0 7 3 4 1 6 2 5 0 7 3 4 1 6 2 5 0 7 3 4 1 6 2 5 0 7 3 4 1 6 2 5 0 7 231 231 
2 4 0 6 3 5 1 7 2 4 0 6 3 5 1 7 2 4 0 6 3 5 1 2 7 0 4 3 6 1 5 2 7 0 4 3 6 1 5 2 7 0 4 3 6 1 5 2 7 0 4 3 6 1 5 2 7 0 4 3 6 1 5 2 7 0 4 3 6 1 231 231 
1 5 3 7 0 4 2 6 1 5 3 7 0 4 2 6 1 5 3 7 0 4 2 5 1 7 3 4 0 6 2 5 1 7 3 4 0 6 2 5 1 7 3 4 0 6 2 5 1 7 3 4 0 6 2 5 1 7 3 4 0 6 2 5 1 7 3 4 0 6 231 231 
4 2 6 1 5 3 7 0 4 2 6 1 5 3 7 0 4 2 6 1 5 3 7 0 4 2 6 1 5 3 7 0 4 2 6 1 5 3 7 0 4 2 6 1 5 3 7 0 4 2 6 1 5 3 7 0 4 2 6 1 5 3 7 0 4 2 6 1 5 3 231 231 
4 2 6 0 5 3 7 1 4 2 6 0 5 3 7 1 4 2 6 0 5 3 7 1 4 2 6 0 5 3 7 1 4 2 6 0 5 3 7 1 4 2 6 0 5 3 7 1 4 2 6 0 5 3 7 1 4 2 6 0 5 3 7 1 4 2 6 0 5 3 231 231 
5 1 7 3 4 0 6 2 5 1 7 3 4 0 6 2 5 1 7 3 4 0 6 2 5 1 7 3 4 0 6 2 5 1 7 3 4 0 6 2 5 1 7 3 4 0 6 2 5 1 7 3 4 6 2 5 1 7 3 4 0 6 2 5 1 7 3 4 0 6 231 231 
2 4 0 6 3 5 1 7 2 4 0 6 3 5 1 7 2 4 0 6 3 5 1 7 2 4 0 6 3 5 1 7 2 4 0 6 3 5 1 7 2 4 0 6 3 5 1 7 2 4 0 6 3 5 1 7 2 4 0 6 3 5 1 7 2 4 0 6 3 5 231 231 
1 5 3 7 0 4 2 6 1 5 3 7 0 4 2 6 1 5 3 7 0 4 2 6 1 5 3 7 0 4 2 6 1 5 3 7 0 4 2 6 1 5 3 7 0 4 2 6 1 5 3 7 0 4 2 6 1 5 3 7 0 4 2 6 1 5 3 7 0 4 231 231 
2 4 0 6 3 5 1 7 2 4 0 6 3 5 1 7 2 4 0 6 3 5 1 7 2 4 0 6 3 5 1 7 2 4 0 6 3 5 1 7 2 4 0 6 3 5 1 7 2 4 0 6 3 5 1 7 2 4 0 6 3 5 1 7 2 4 0 6 3 5 231 231 
7 1 5 3 6 0 4 2 7 1 5 3 6 0 4 2 7 1 5 3 6 0 4 2 7 1 5 3 6 0 4 2 7 1 5 3 6 0 4 2 7 1 5 3 6 0 4 2 7 1 5 3 6 0 4 2 7 1 5 3 6 0 4 2 7 1 5 3 6 0 231 231 
1 5 3 7 0 4 2 6 1 5 3 7 0 4 2 6 1 5 3 7 0 4 2 6 1 5 3 7 0 4 2 6 1 5 3 7 0 4 2 6 1 5 3 7 0 4 2 6 1 5 3 7 0 4 2 6 1 5 3 7 0 4 2 6 1 5 3 7 0 4 231 231 
1 5 3 7 0 4 2 6 1 5 3 7 0 4 2 6 1 5 3 7 0 4 2 6 1 5 3 7 0 4 2 6 1 5 3 7 0 4 2 6 1 5 3 7 0 4 2 6 1 5 3 7 0 4 2 6 1 5 3 7 0 4 2 6 1 5 3 7 0 4 231 231 
5 1 7 3 4 0 6 2 5 1 7 3 4 0 6 2 5 1 7 3 4 0 6 2 5 1 7 3 4 0 6 2 5 1 7 3 4 0 6 2 5 1 7 3 4 0 6 2 5 1 7 3 4 0 6 2 5 1 7 3 4 0 6 2 5 1 7 3 4 0 231 231 
1 5 3 6 0 4 2 7 1 5 3 6 0 4 2 7 1 5 3 6 0 4 2 7 1 5 3 6 0 4 2 7 1 5 3 6 0 4 2 7 1 5 3 6 0 4 2 7 1 5 3 6 0 4 2 7 1 5 3 6 0 4 2 7 1 5 3 6 0 4 231 231 
1 5 3 7 0 4 2 6 1 5 3 7 0 4 2 6 1 5 3 7 0 4 2 6 1 5 3 7 0 4 2 6 1 5 3 7 0 4 2 6 1 5 3 7 0 4 2 6 1 5 3 7 0 4 2 6 1 5 3 7 0 4 2 6 1 5 3 7 0 4 231 231 
1 5 3 7 0 4 2 6 1 5 3 7 0 4 2 6 1 5 3 7 0 4 2 6 1 5 3 7 0 4 2 6 1 5 3 7 0 4 2 1 6 3 5 0 7 2 4 1 6 3 5 0 7 2 4 1 6 3 5 0 7 2 4 1 6 3 5 0 7 2 231 231 
4 2 6 0 5 3 7 1 6 2 5 0 7 3 4 1 6 2 5 0 7 3 4 1 6 2 5 0 7 3 4 1 6 2 5 0 7 3 4 1 6 2 5 0 7 3 4 1 6 2 5 0 7 3 4 1 6 2 5 0 7 3 4 1 6 2 5 0 7 3 231 231 
4 2 6 0 5 3 7 1 4 2 6 0 5 3 7 1 4 2 6 0 5 3 7 1 4 2 6 0 5 3 7 1 4 2 6 0 5 3 7 1 4 2 6 0 5 3 7 1 4 2 6 0 5 3 7 1 4 2 6 0 5 3 7 1 4 6 0 5 3 231 231 231 
2 4 1 6 3 5 0 7 2 4 1 6 3 5 0 7 2 4 1 6 3 5 0 7 2 4 1 6 3 5 0 7 2 4 1 6 3 5 0 7 2 4 1 6 3 5 0 7 2 4 1 6 3 5 0 7 2 4 1 6 3 5 0 7 2 4 1 6 3 5 231 231 
4 2 6 0 5 3 7 1 4 2 6 0 5 3 7 1 4 2 6 0 5 3 7 1 4 2 6 0 5 3 7 1 4 2 6 0 5 3 7 1 4 2 6 0 5 1 7 0 4 3 6 1 5 2 7 0 4 3 6 1 5 2 7 0 4 3 6 1 5 2 231 231 
1 5 3 7 0 4 2 6 1 5 3 7 0 4 2 6 1 5 3 7 0 4 2 6 1 5 3 7 0 4 2 6 1 5 3 7 0 4 2 6 1 5 3 7 0 4 2 6 1 5 3 7 0 4 2 6 1 5 3 7 0 4 2 6 1 5 3 7 0 4 231 231 
5 1 7 3 4 0 6 2 5 1 7 3 4 0 6 2 5 1 7 3 4 0 6 2 5 1 7 3 4 0 6 2 5 1 7 3 4 0 6 2 5 1 7 3 4 0 6 2 5 1 7 3 4 0 6 2 5 1 7 3 4 0 6 2 5 1 7 3 4 0 231 231 
1 5 3 7 0 4 2 6 1 5 3 7 0 4 2 6 1 5 3 7 0 4 2 6 1 5 3 7 0 4 2 6 1 5 3 7 0 4 2 6 1 5 3 7 0 4 2 6 1 5 3 7 0 4 2 6 1 5 3 7 0 4 2 6 1 5 3 7 0 4 231 231 
2 6 0 4 3 7 1 5 2 6 0 4 3 7 1 5 2 6 0 4 3 7 1 5 2 6 0 4 3 7 1 5 2 6 0 4 3 7 1 5 2 6 0 4 3 7 1 5 2 6 0 4 3 7 1 5 2 6 0 4 3 7 1 5 2 6 0 4 3 7 231 231 
2 5 1 7 3 4 0 6 2 5 1 7 3 4 0 6 2 5 1 7 3 4 0 6 2 5 1 7 3 4 0 6 2 5 1 7 3 4 0 6 2 5 1 7 3 4 0 6 2 5 1 7 3 4 0 6 2 5 1 7 3 4 0 6 2 5 1 7 3 4 231 231 
1 5 3 7 0 4 2 6 1 5 3 7 0 4 2 6 1 5 3 7 0 4 2 6 1 5 3 7 0 4 2 6 1 5 3 7 0 4 2 6 1 5 3 7 0 4 2 6 1 5 3 7 0 4 2 6 1 5 3 7 0 4 2 6 1 5 3 7 0 4 231 231 
1 7 3 5 0 6 2 4 1 7 3 5 0 6 2 4 1 7 3 5 0 6 2 4 1 7 3 5 0 6 2 1 4 3 7 0 5 2 6 1 4 3 7 0 5 2 6 1 4 3 7 0 5 2 6 1 4 3 7 0 5 2 6 1 4 3 7 0 5 2 231 231 
5 3 7 1 4 2 6 0 5 3 7 1 4 2 6 0 5 3 7 1 4 2 6 0 5 3 7 1 4 2 6 0 5 3 7 1 4 2 6 0 5 3 7 1 4 2 6 0 5 3 7 1 4 2 6 0 5 3 7 1 4 2 6 0 5 3 7 1 4 2 231 231 
7 1 5 3 6 0 4 2 7 1 5 3 6 0 4 2 7 1 5 3 6 0 4 2 7 1 5 3 6 0 4 2 7 1 5 3 6 0 4 2 7 1 5 3 6 0 4 2 7 1 5 3 6 0 4 2 7 1 5 3 6 0 4 2 7 1 5 3 6 0 231 231 
