1 2 0 3 1 2 0 3 1 2 0 3 1 2 0 3 1 2 231 231 
3 1 2 0 3 1 2 0 3 1 2 1 3 0 2 1 0 231 231 231 
1 3 0 2 1 3 0 2 1 3 0 2 1 3 0 2 1 3 231 231 
1 3 0 2 1 3 0 2 1 3 0 2 1 3 0 2 1 3 231 231 
1 3 0 1 3 0 2 1 3 0 2 1 3 0 1 2 0 3 231 231 
1 3 0 2 1 3 0 2 1 3 0 2 1 3 0 2 1 3 231 231 
1 3 0 2 1 3 0 2 1 3 0 2 1 3 0 2 1 3 231 231 
1 3 0 1 2 0 3 1 2 0 3 1 2 0 3 1 2 0 231 231 
1 3 0 2 1 3 0 2 1 3 0 2 1 3 0 2 1 3 231 231 
3 1 2 0 3 1 2 0 3 1 2 0 3 1 2 0 3 1 231 231 
1 3 0 1 2 0 3 1 2 0 3 1 2 0 3 1 2 0 231 231 
3 1 2 0 3 1 2 0 3 1 2 0 3 1 2 0 3 1 231 231 
3 0 2 1 3 0 2 1 3 0 2 1 3 0 2 1 3 0 231 231 
1 2 0 3 1 2 0 3 1 2 0 3 1 2 0 3 1 2 231 231 
1 3 0 2 1 3 0 2 1 3 0 2 1 3 0 2 1 3 231 231 
1 3 0 1 3 0 2 1 3 0 2 1 3 0 2 1 3 0 231 231 
3 1 2 0 3 1 2 0 3 1 2 0 3 1 2 0 3 1 231 231 
1 3 0 1 2 0 3 1 2 0 3 1 2 0 3 1 2 0 231 231 
3 1 2 0 3 1 2 0 3 0 2 1 3 0 2 1 3 0 231 231 
1 3 0 1 2 0 3 1 2 0 3 1 2 0 3 1 2 0 231 231 
1 3 0 2 0 3 1 2 0 3 1 2 0 3 1 2 0 3 231 231 
3 1 2 0 3 1 2 0 3 1 2 0 3 1 2 0 3 1 231 231 
1 3 0 1 2 0 3 1 2 0 3 1 2 0 3 1 2 0 231 231 
3 1 2 0 3 1 2 0 3 1 2 0 3 1 2 0 3 1 231 231 
1 3 0 1 3 0 2 1 3 0 2 1 3 0 2 1 3 0 231 231 
1 3 0 1 2 0 3 1 2 0 3 1 2 0 3 1 2 231 231 231 
1 3 0 2 0 3 1 2 0 3 1 2 0 3 1 2 0 3 231 231 
1 3 0 2 1 3 0 2 1 3 0 2 1 3 0 2 1 3 231 231 
1 3 0 1 3 0 2 1 3 0 1 2 0 3 1 2 0 3 231 231 
1 3 0 2 1 3 0 2 1 3 0 2 1 3 0 1 2 3 231 231 
