0 1 0 1 231 231 
0 1 0 1 231 231 
0 1 0 1 231 231 
0 1 0 1 231 231 
0 1 0 1 231 231 
0 1 0 1 231 231 
0 1 0 1 231 231 
0 1 0 1 231 231 
0 1 0 1 231 231 
0 1 0 1 231 231 
0 1 0 1 231 231 
0 1 0 1 231 231 
0 1 0 1 231 231 
0 1 0 1 231 231 
0 1 0 1 231 231 
0 1 0 1 231 231 
0 1 0 1 231 231 
0 1 0 1 231 231 
0 1 0 1 231 231 
0 1 0 1 231 231 
0 1 0 1 231 231 
0 1 0 1 231 231 
0 1 0 1 231 231 
0 1 0 1 231 231 
0 1 0 1 231 231 
0 1 0 1 231 231 
0 1 0 1 231 231 
0 1 0 1 231 231 
0 1 0 1 231 231 
0 1 0 1 231 231 
