4 1 4 0 3 4 1 2 4 0 3 4 1 2 4 0 4 3 1 4 2 4 0 3 4 1 2 0 231 231 
4 1 3 4 0 2 4 1 3 4 0 2 4 1 3 4 0 2 4 1 3 4 0 2 4 1 3 0 231 231 
4 1 3 4 0 2 4 1 3 4 0 2 4 1 3 4 0 2 4 1 3 4 0 2 4 1 3 0 231 231 
2 4 0 3 4 1 2 4 0 3 4 1 2 4 0 3 4 1 2 4 0 3 4 1 2 4 0 3 231 231 
4 1 3 4 0 2 4 1 3 4 0 2 4 1 3 4 0 2 4 1 3 4 0 2 4 1 3 0 231 231 
4 1 3 4 0 2 4 1 3 4 0 2 4 1 3 4 0 2 4 1 3 4 0 2 4 1 3 0 231 231 
4 1 3 4 0 2 4 1 3 4 0 2 4 1 3 4 0 2 4 1 3 4 0 2 4 1 3 0 231 231 
4 1 3 4 0 2 4 1 3 4 0 2 4 1 3 4 0 2 4 1 3 4 0 2 4 1 3 0 231 231 
2 4 1 3 4 0 2 4 1 3 4 0 2 4 1 3 4 0 2 4 1 3 4 0 2 4 1 3 231 231 
4 3 1 4 2 0 4 3 1 4 2 0 4 3 1 4 2 0 4 3 1 4 2 0 4 3 1 2 231 231 
4 3 1 4 2 0 4 3 1 4 2 0 4 3 1 4 2 0 4 3 1 4 2 0 4 3 1 2 231 231 
2 4 0 3 4 1 2 4 0 3 1 4 2 0 3 4 1 2 4 0 3 4 1 2 4 0 3 1 231 231 
2 4 0 3 4 1 2 4 0 3 4 1 2 4 0 3 4 1 4 2 0 4 3 1 4 2 0 3 231 231 
4 2 0 4 3 1 4 2 0 4 3 1 4 2 0 4 3 1 4 2 0 4 3 1 4 2 0 3 231 231 
4 1 3 4 0 2 4 1 3 4 0 2 4 1 3 4 0 2 4 1 3 4 0 2 4 1 3 0 231 231 
2 4 0 3 4 1 2 4 0 3 4 1 2 4 0 3 4 1 2 4 0 3 4 1 2 4 0 3 231 231 
4 1 3 4 0 2 4 1 3 4 0 2 4 1 3 4 0 2 4 1 3 4 0 2 4 1 3 0 231 231 
4 1 3 4 0 2 4 1 3 4 0 2 4 1 3 4 0 2 4 1 3 4 0 2 4 1 3 0 231 231 
4 1 3 4 0 2 4 1 3 4 0 2 4 1 3 4 0 2 4 1 3 4 0 2 4 1 3 0 231 231 
2 4 0 3 4 1 2 4 0 3 4 1 2 4 0 3 4 1 2 4 0 3 4 1 2 4 0 3 231 231 
4 1 3 4 0 2 4 1 3 4 0 2 4 1 3 4 0 2 4 1 3 4 0 2 4 1 3 0 231 231 
4 1 3 4 0 2 4 1 3 4 0 2 4 1 3 4 0 2 4 1 3 4 0 2 4 1 3 0 231 231 
2 4 1 3 4 0 2 4 1 3 4 0 2 4 1 3 4 0 2 4 1 3 4 0 2 4 1 3 231 231 
4 1 3 4 0 2 4 1 3 4 0 2 4 1 3 4 0 2 4 1 3 4 0 2 4 1 3 0 231 231 
4 1 3 4 0 2 4 1 3 4 0 2 4 1 3 4 0 2 4 1 3 4 0 2 4 1 3 0 231 231 
2 4 0 3 4 1 2 4 0 3 4 1 2 4 0 3 4 1 2 4 0 3 4 1 2 4 0 3 231 231 
2 4 1 3 4 0 2 4 1 3 4 0 2 4 1 3 4 0 2 4 1 3 4 0 2 4 1 3 231 231 
4 3 1 4 2 0 4 3 1 4 2 0 4 3 1 4 2 0 4 3 1 4 2 4 0 3 1 2 231 231 
4 1 3 4 0 2 4 1 3 4 0 2 4 1 3 4 0 2 4 1 3 4 0 2 4 1 3 0 231 231 
4 1 3 4 0 2 4 1 3 4 0 2 4 1 3 4 0 2 4 1 3 4 0 2 4 1 3 0 231 231 
