3 1 9 5 10 7 2 8 4 6 0 11 12 3 1 9 5 10 7 2 8 4 6 0 11 12 3 1 9 5 10 7 2 8 4 6 0 11 12 3 1 9 5 10 7 2 8 4 6 0 11 12 3 1 9 5 10 7 2 8 4 6 0 11 12 3 1 9 5 10 7 2 8 4 6 0 11 12 3 1 9 5 10 7 2 8 4 6 0 11 12 3 1 9 5 10 7 2 8 4 6 0 11 12 3 1 9 5 10 7 2 8 4 6 0 11 12 3 1 9 5 10 7 2 8 4 6 0 11 12 3 1 9 5 10 7 2 8 4 6 0 11 12 3 1 9 5 10 7 2 8 4 6 0 11 12 3 1 9 5 10 7 2 8 4 6 0 11 12 3 1 9 5 10 7 2 8 4 6 0 231 231 
6 7 11 0 8 10 4 2 3 5 1 9 12 6 7 11 0 8 10 4 2 3 5 1 9 12 6 7 11 0 8 10 4 2 3 5 1 9 12 6 7 11 0 8 10 4 2 3 5 1 9 12 6 7 11 0 8 10 4 2 3 5 1 9 12 6 7 11 0 8 10 4 2 3 5 1 9 12 6 7 11 0 8 10 4 2 3 5 1 9 12 6 7 11 0 8 10 4 2 3 5 1 9 12 6 7 11 0 8 10 4 2 3 5 1 9 12 6 7 11 0 8 10 4 2 3 5 1 9 12 6 7 11 0 8 10 4 2 3 5 1 9 12 6 7 11 0 8 10 4 2 3 5 1 9 12 6 7 11 0 8 10 4 2 3 5 1 9 12 6 7 11 0 8 10 4 2 3 5 1 231 231 
6 0 10 7 4 1 11 3 9 5 2 8 12 6 0 10 7 4 1 11 3 9 5 2 8 12 6 0 10 7 4 1 11 3 9 5 2 8 12 6 0 10 7 4 1 11 3 9 5 2 8 12 6 0 10 7 4 1 11 3 9 5 2 8 12 6 0 10 7 4 1 11 3 9 5 2 8 12 6 0 10 7 4 1 11 3 9 5 2 8 12 6 0 10 7 4 1 11 3 9 5 2 8 12 6 0 10 7 4 1 11 3 9 5 2 8 12 6 0 10 7 4 1 11 3 9 5 2 8 12 6 0 10 7 4 1 11 3 9 5 2 8 12 6 0 10 7 4 1 11 3 9 5 2 8 12 6 0 10 7 4 1 11 3 9 5 2 8 12 6 0 10 7 4 1 11 3 9 5 2 231 231 
10 6 8 11 7 0 9 1 3 5 12 4 2 10 6 8 11 7 0 9 1 3 5 12 4 2 10 6 8 11 7 0 9 1 3 5 12 4 2 10 6 8 11 7 0 9 1 3 5 12 4 2 10 6 8 11 7 0 9 1 3 5 12 4 2 10 6 8 11 7 0 9 1 3 5 12 4 2 10 6 8 11 7 0 9 1 3 5 12 4 2 10 6 8 11 7 0 9 1 3 5 12 4 2 10 6 8 11 7 0 9 1 3 5 12 4 2 10 6 8 11 7 0 9 1 3 5 12 4 2 10 6 8 11 7 0 9 1 3 5 12 4 2 10 6 8 11 7 0 9 1 3 5 12 4 2 10 6 8 11 7 0 9 1 3 5 12 4 2 10 6 8 11 7 0 9 1 3 5 12 231 231 
7 6 11 10 0 1 3 9 12 4 5 2 8 7 6 11 10 0 1 3 9 12 4 5 2 8 7 6 11 10 0 1 3 9 12 4 5 2 8 7 6 11 10 0 1 3 9 12 4 5 2 8 7 6 11 10 0 1 3 9 12 4 5 2 8 7 6 11 10 0 1 3 9 12 4 5 2 8 7 6 11 10 0 1 3 9 12 4 5 2 8 7 6 11 10 0 1 3 9 12 4 5 2 8 7 6 11 10 0 1 3 9 12 4 5 2 8 7 6 11 10 0 1 3 9 12 4 5 2 8 7 6 11 10 0 1 3 9 12 4 5 2 8 7 6 11 10 0 1 3 9 12 4 5 2 8 7 6 11 10 0 1 3 9 12 4 5 2 8 7 6 11 10 0 1 3 9 12 4 5 231 231 
11 10 7 0 4 6 5 9 2 8 12 3 1 11 10 7 0 4 6 5 9 2 8 12 3 1 11 10 7 0 4 6 5 9 2 8 12 3 1 11 10 7 0 4 6 5 9 2 8 12 3 1 11 10 7 0 4 6 5 9 2 8 12 3 1 11 10 7 0 4 6 5 9 2 8 12 3 1 11 10 7 0 4 6 5 9 2 8 12 3 1 11 10 7 0 4 6 5 9 2 8 12 3 1 11 10 7 0 4 6 5 9 2 8 12 3 1 11 10 7 0 4 6 5 9 2 8 12 3 1 11 10 7 0 4 6 5 9 2 8 12 3 1 11 10 7 0 4 6 5 9 2 8 12 3 1 11 10 7 0 4 6 5 9 2 8 12 3 1 11 10 7 0 4 6 5 9 2 8 12 231 231 
6 7 11 0 10 9 5 4 3 8 12 1 2 6 7 11 0 10 9 5 4 3 8 12 1 2 6 7 11 0 10 9 5 4 3 8 12 1 2 6 7 11 0 10 9 5 4 3 8 12 1 2 6 7 11 0 10 9 5 4 3 8 12 1 2 6 7 11 0 10 9 5 4 3 8 12 1 2 6 7 11 0 10 9 5 4 3 8 12 1 2 6 7 11 0 10 9 5 4 3 8 12 1 2 6 7 11 0 10 9 5 4 3 8 12 1 2 6 7 11 0 10 9 5 4 3 8 12 1 2 6 7 11 0 10 9 5 4 3 8 12 1 2 6 7 11 0 10 9 5 4 3 8 12 1 2 6 7 11 0 10 9 5 4 3 8 12 1 2 6 7 11 0 10 9 5 4 3 8 12 231 231 
6 7 0 10 1 9 11 8 12 2 3 5 4 6 7 0 10 1 9 11 8 12 2 3 5 4 6 7 0 10 1 9 11 8 12 2 3 5 4 6 7 0 10 1 9 11 8 12 2 3 5 4 6 7 0 10 1 9 11 8 12 2 3 5 4 6 7 0 10 1 9 11 8 12 2 3 5 4 6 7 0 10 1 9 11 8 12 2 3 5 4 6 7 0 10 1 9 11 8 12 2 3 5 4 6 7 0 10 1 9 11 8 12 2 3 5 4 6 7 0 10 1 9 11 8 12 2 3 5 4 6 7 0 10 1 9 11 8 12 2 3 5 4 6 7 0 10 1 9 11 8 12 2 3 5 4 6 7 0 10 1 9 11 8 12 2 3 5 4 6 7 0 10 1 9 11 8 12 2 3 231 231 
7 6 0 10 9 12 5 1 3 4 11 8 2 7 6 0 10 9 12 5 1 3 4 11 8 2 7 6 0 10 9 12 5 1 3 4 11 8 2 7 6 0 10 9 12 5 1 3 4 11 8 2 7 6 0 10 9 12 5 1 3 4 11 8 2 7 6 0 10 9 12 5 1 3 4 11 8 2 7 6 0 10 9 12 5 1 3 4 11 8 2 7 6 0 10 9 12 5 1 3 4 11 8 2 7 6 0 10 9 12 5 1 3 4 11 8 2 7 6 0 10 9 12 5 1 3 4 11 8 2 7 6 0 10 9 12 5 1 3 4 11 8 2 7 6 0 10 9 12 5 1 3 4 11 8 2 7 6 0 10 9 12 5 1 3 4 11 8 2 7 6 0 10 9 12 5 1 3 4 11 231 231 
10 11 7 6 0 5 9 4 3 1 2 8 12 10 11 7 6 0 5 9 4 3 1 2 8 12 10 11 7 6 0 5 9 4 3 1 2 8 12 10 11 7 6 0 5 9 4 3 1 2 8 12 10 11 7 6 0 5 9 4 3 1 2 8 12 10 11 7 6 0 5 9 4 3 1 2 8 12 10 11 7 6 0 5 9 4 3 1 2 8 12 10 11 7 6 0 5 9 4 3 1 2 8 12 10 11 7 6 0 5 9 4 3 1 2 8 12 10 11 7 6 0 5 9 4 3 1 2 8 12 10 11 7 6 0 5 9 4 3 1 2 8 12 10 11 7 6 0 5 9 4 3 1 2 8 12 10 11 7 6 0 5 9 4 3 1 2 8 12 10 11 7 6 0 5 9 4 3 1 2 231 231 
7 10 0 6 8 9 11 3 2 12 5 1 4 7 10 0 6 8 9 11 3 2 12 5 1 4 7 10 0 6 8 9 11 3 2 12 5 1 4 7 10 0 6 8 9 11 3 2 12 5 1 4 7 10 0 6 8 9 11 3 2 12 5 1 4 7 10 0 6 8 9 11 3 2 12 5 1 4 7 10 0 6 8 9 11 3 2 12 5 1 4 7 10 0 6 8 9 11 3 2 12 5 1 4 7 10 0 6 8 9 11 3 2 12 5 1 4 7 10 0 6 8 9 11 3 2 12 5 1 4 7 10 0 6 8 9 11 3 2 12 5 1 4 7 10 0 6 8 9 11 3 2 12 5 1 4 7 10 0 6 8 9 11 3 2 12 5 1 4 7 10 0 6 8 9 11 3 2 12 5 231 231 
10 6 12 11 0 4 5 9 7 8 2 3 1 10 6 12 11 0 4 5 9 7 8 2 3 1 10 6 12 11 0 4 5 9 7 8 2 3 1 10 6 12 11 0 4 5 9 7 8 2 3 1 10 6 12 11 0 4 5 9 7 8 2 3 1 10 6 12 11 0 4 5 9 7 8 2 3 1 10 6 12 11 0 4 5 9 7 8 2 3 1 10 6 12 11 0 4 5 9 7 8 2 3 1 10 6 12 11 0 4 5 9 7 8 2 3 1 10 6 12 11 0 4 5 9 7 8 2 3 1 10 6 12 11 0 4 5 9 7 8 2 3 1 10 6 12 11 0 4 5 9 7 8 2 3 1 10 6 12 11 0 4 5 9 7 8 2 3 1 10 6 12 11 0 4 5 9 7 8 2 231 231 
10 6 7 11 0 4 3 5 8 9 12 2 1 10 6 7 11 0 4 3 5 8 9 12 2 1 10 6 7 11 0 4 3 5 8 9 12 2 1 10 6 7 11 0 4 3 5 8 9 12 2 1 10 6 7 11 0 4 3 5 8 9 12 2 1 10 6 7 11 0 4 3 5 8 9 12 2 1 10 6 7 11 0 4 3 5 8 9 12 2 1 10 6 7 11 0 4 3 5 8 9 12 2 1 10 6 7 11 0 4 3 5 8 9 12 2 1 10 6 7 11 0 4 3 5 8 9 12 2 1 10 6 7 11 0 4 3 5 8 9 12 2 1 10 6 7 11 0 4 3 5 8 9 12 2 1 10 6 7 11 0 4 3 5 8 9 12 2 1 10 6 7 11 0 4 3 5 8 9 12 231 231 
6 7 11 10 0 8 1 2 12 4 9 3 5 6 7 11 10 0 8 1 2 12 4 9 3 5 6 7 11 10 0 8 1 2 12 4 9 3 5 6 7 11 10 0 8 1 2 12 4 9 3 5 6 7 11 10 0 8 1 2 12 4 9 3 5 6 7 11 10 0 8 1 2 12 4 9 3 5 6 7 11 10 0 8 1 2 12 4 9 3 5 6 7 11 10 0 8 1 2 12 4 9 3 5 6 7 11 10 0 8 1 2 12 4 9 3 5 6 7 11 10 0 8 1 2 12 4 9 3 5 6 7 11 10 0 8 1 2 12 4 9 3 5 6 7 11 10 0 8 1 2 12 4 9 3 5 6 7 11 10 0 8 1 2 12 4 9 3 5 6 7 11 10 0 8 1 2 12 4 9 231 231 
10 11 7 0 6 5 3 12 2 1 4 9 8 10 11 7 0 6 5 3 12 2 1 4 9 8 10 11 7 0 6 5 3 12 2 1 4 9 8 10 11 7 0 6 5 3 12 2 1 4 9 8 10 11 7 0 6 5 3 12 2 1 4 9 8 10 11 7 0 6 5 3 12 2 1 4 9 8 10 11 7 0 6 5 3 12 2 1 4 9 8 10 11 7 0 6 5 3 12 2 1 4 9 8 10 11 7 0 6 5 3 12 2 1 4 9 8 10 11 7 0 6 5 3 12 2 1 4 9 8 10 11 7 0 6 5 3 12 2 1 4 9 8 10 11 7 0 6 5 3 12 2 1 4 9 8 10 11 7 0 6 5 3 12 2 1 4 9 8 10 11 7 0 6 5 3 12 2 1 4 231 231 
7 11 10 6 0 8 1 2 3 12 9 4 5 7 11 10 6 0 8 1 2 3 12 9 4 5 7 11 10 6 0 8 1 2 3 12 9 4 5 7 11 10 6 0 8 1 2 3 12 9 4 5 7 11 10 6 0 8 1 2 3 12 9 4 5 7 11 10 6 0 8 1 2 3 12 9 4 5 7 11 10 6 0 8 1 2 3 12 9 4 5 7 11 10 6 0 8 1 2 3 12 9 4 5 7 11 10 6 0 8 1 2 3 12 9 4 5 7 11 10 6 0 8 1 2 3 12 9 4 5 7 11 10 6 0 8 1 2 3 12 9 4 5 7 11 10 6 0 8 1 2 3 12 9 4 5 7 11 10 6 0 8 1 2 3 12 9 4 5 7 11 10 6 0 8 1 2 3 12 9 231 231 
10 7 6 8 11 9 2 3 12 5 1 4 0 10 7 6 8 11 9 2 3 12 5 1 4 0 10 7 6 8 11 9 2 3 12 5 1 4 0 10 7 6 8 11 9 2 3 12 5 1 4 0 10 7 6 8 11 9 2 3 12 5 1 4 0 10 7 6 8 11 9 2 3 12 5 1 4 0 10 7 6 8 11 9 2 3 12 5 1 4 0 10 7 6 8 11 9 2 3 12 5 1 4 0 10 7 6 8 11 9 2 3 12 5 1 4 0 10 7 6 8 11 9 2 3 12 5 1 4 0 10 7 6 8 11 9 2 3 12 5 1 4 0 10 7 6 8 11 9 2 3 12 5 1 4 0 10 7 6 8 11 9 2 3 12 5 1 4 0 10 7 6 8 11 9 2 3 12 5 1 231 231 
7 11 0 6 4 3 2 5 1 8 12 9 10 7 11 0 6 4 3 2 5 1 8 12 9 10 7 11 0 6 4 3 2 5 1 8 12 9 10 7 11 0 6 4 3 2 5 1 8 12 9 10 7 11 0 6 4 3 2 5 1 8 12 9 10 7 11 0 6 4 3 2 5 1 8 12 9 10 7 11 0 6 4 3 2 5 1 8 12 9 10 7 11 0 6 4 3 2 5 1 8 12 9 10 7 11 0 6 4 3 2 5 1 8 12 9 10 7 11 0 6 4 3 2 5 1 8 12 9 10 7 11 0 6 4 3 2 5 1 8 12 9 10 7 11 0 6 4 3 2 5 1 8 12 9 10 7 11 0 6 4 3 2 5 1 8 12 9 10 7 11 0 6 4 3 2 5 1 8 12 231 231 
10 7 0 5 1 6 3 8 2 12 4 9 11 10 7 0 5 1 6 3 8 2 12 4 9 11 10 7 0 5 1 6 3 8 2 12 4 9 11 10 7 0 5 1 6 3 8 2 12 4 9 11 10 7 0 5 1 6 3 8 2 12 4 9 11 10 7 0 5 1 6 3 8 2 12 4 9 11 10 7 0 5 1 6 3 8 2 12 4 9 11 10 7 0 5 1 6 3 8 2 12 4 9 11 10 7 0 5 1 6 3 8 2 12 4 9 11 10 7 0 5 1 6 3 8 2 12 4 9 11 10 7 0 5 1 6 3 8 2 12 4 9 11 10 7 0 5 1 6 3 8 2 12 4 9 11 10 7 0 5 1 6 3 8 2 12 4 9 11 10 7 0 5 1 6 3 8 2 12 4 231 231 
10 11 7 6 0 8 4 3 9 2 12 1 5 10 11 7 6 0 8 4 3 9 2 12 1 5 10 11 7 6 0 8 4 3 9 2 12 1 5 10 11 7 6 0 8 4 3 9 2 12 1 5 10 11 7 6 0 8 4 3 9 2 12 1 5 10 11 7 6 0 8 4 3 9 2 12 1 5 10 11 7 6 0 8 4 3 9 2 12 1 5 10 11 7 6 0 8 4 3 9 2 12 1 5 10 11 7 6 0 8 4 3 9 2 12 1 5 10 11 7 6 0 8 4 3 9 2 12 1 5 10 11 7 6 0 8 4 3 9 2 12 1 5 10 11 7 6 0 8 4 3 9 2 12 1 5 10 11 7 6 0 8 4 3 9 2 12 1 5 10 11 7 6 0 8 4 3 9 2 12 231 231 
7 6 10 8 11 1 4 5 9 12 2 3 0 7 6 10 8 11 1 4 5 9 12 2 3 0 7 6 10 8 11 1 4 5 9 12 2 3 0 7 6 10 8 11 1 4 5 9 12 2 3 0 7 6 10 8 11 1 4 5 9 12 2 3 0 7 6 10 8 11 1 4 5 9 12 2 3 0 7 6 10 8 11 1 4 5 9 12 2 3 0 7 6 10 8 11 1 4 5 9 12 2 3 0 7 6 10 8 11 1 4 5 9 12 2 3 0 7 6 10 8 11 1 4 5 9 12 2 3 0 7 6 10 8 11 1 4 5 9 12 2 3 0 7 6 10 8 11 1 4 5 9 12 2 3 0 7 6 10 8 11 1 4 5 9 12 2 3 0 7 6 10 8 11 1 4 5 9 12 2 231 231 
6 11 5 7 10 0 9 1 12 4 8 3 2 6 11 5 7 10 0 9 1 12 4 8 3 2 6 11 5 7 10 0 9 1 12 4 8 3 2 6 11 5 7 10 0 9 1 12 4 8 3 2 6 11 5 7 10 0 9 1 12 4 8 3 2 6 11 5 7 10 0 9 1 12 4 8 3 2 6 11 5 7 10 0 9 1 12 4 8 3 2 6 11 5 7 10 0 9 1 12 4 8 3 2 6 11 5 7 10 0 9 1 12 4 8 3 2 6 11 5 7 10 0 9 1 12 4 8 3 2 6 11 5 7 10 0 9 1 12 4 8 3 2 6 11 5 7 10 0 9 1 12 4 8 3 2 6 11 5 7 10 0 9 1 12 4 8 3 2 6 11 5 7 10 0 9 1 12 4 8 231 231 
7 6 5 10 11 8 2 4 9 1 3 12 0 7 6 5 10 11 8 2 4 9 1 3 12 0 7 6 5 10 11 8 2 4 9 1 3 12 0 7 6 5 10 11 8 2 4 9 1 3 12 0 7 6 5 10 11 8 2 4 9 1 3 12 0 7 6 5 10 11 8 2 4 9 1 3 12 0 7 6 5 10 11 8 2 4 9 1 3 12 0 7 6 5 10 11 8 2 4 9 1 3 12 0 7 6 5 10 11 8 2 4 9 1 3 12 0 7 6 5 10 11 8 2 4 9 1 3 12 0 7 6 5 10 11 8 2 4 9 1 3 12 0 7 6 5 10 11 8 2 4 9 1 3 12 0 7 6 5 10 11 8 2 4 9 1 3 12 0 7 6 5 10 11 8 2 4 9 1 3 231 231 
10 7 11 6 3 0 12 5 8 9 4 2 1 10 7 11 6 3 0 12 5 8 9 4 2 1 10 7 11 6 3 0 12 5 8 9 4 2 1 10 7 11 6 3 0 12 5 8 9 4 2 1 10 7 11 6 3 0 12 5 8 9 4 2 1 10 7 11 6 3 0 12 5 8 9 4 2 1 10 7 11 6 3 0 12 5 8 9 4 2 1 10 7 11 6 3 0 12 5 8 9 4 2 1 10 7 11 6 3 0 12 5 8 9 4 2 1 10 7 11 6 3 0 12 5 8 9 4 2 1 10 7 11 6 3 0 12 5 8 9 4 2 1 10 7 11 6 3 0 12 5 8 9 4 2 1 10 7 11 6 3 0 12 5 8 9 4 2 1 10 7 11 6 3 0 12 5 8 9 4 231 231 
6 7 10 11 4 0 9 3 1 5 2 8 12 6 7 10 11 4 0 9 3 1 5 2 8 12 6 7 10 11 4 0 9 3 1 5 2 8 12 6 7 10 11 4 0 9 3 1 5 2 8 12 6 7 10 11 4 0 9 3 1 5 2 8 12 6 7 10 11 4 0 9 3 1 5 2 8 12 6 7 10 11 4 0 9 3 1 5 2 8 12 6 7 10 11 4 0 9 3 1 5 2 8 12 6 7 10 11 4 0 9 3 1 5 2 8 12 6 7 10 11 4 0 9 3 1 5 2 8 12 6 7 10 11 4 0 9 3 1 5 2 8 12 6 7 10 11 4 0 9 3 1 5 2 8 12 6 7 10 11 4 0 9 3 1 5 2 8 12 6 7 10 11 4 0 9 3 1 5 2 231 231 
11 7 10 6 0 5 9 4 1 3 8 12 2 11 7 10 6 0 5 9 4 1 3 8 12 2 11 7 10 6 0 5 9 4 1 3 8 12 2 11 7 10 6 0 5 9 4 1 3 8 12 2 11 7 10 6 0 5 9 4 1 3 8 12 2 11 7 10 6 0 5 9 4 1 3 8 12 2 11 7 10 6 0 5 9 4 1 3 8 12 2 11 7 10 6 0 5 9 4 1 3 8 12 2 11 7 10 6 0 5 9 4 1 3 8 12 2 11 7 10 6 0 5 9 4 1 3 8 12 2 11 7 10 6 0 5 9 4 1 3 8 12 2 11 7 10 6 0 5 9 4 1 3 8 12 2 11 7 10 6 0 5 9 4 1 3 8 12 2 11 7 10 6 0 5 9 4 1 3 8 231 231 
11 7 6 3 9 10 4 1 5 2 12 8 0 11 7 6 3 9 10 4 1 5 2 12 8 0 11 7 6 3 9 10 4 1 5 2 12 8 0 11 7 6 3 9 10 4 1 5 2 12 8 0 11 7 6 3 9 10 4 1 5 2 12 8 0 11 7 6 3 9 10 4 1 5 2 12 8 0 11 7 6 3 9 10 4 1 5 2 12 8 0 11 7 6 3 9 10 4 1 5 2 12 8 0 11 7 6 3 9 10 4 1 5 2 12 8 0 11 7 6 3 9 10 4 1 5 2 12 8 0 11 7 6 3 9 10 4 1 5 2 12 8 0 11 7 6 3 9 10 4 1 5 2 12 8 0 11 7 6 3 9 10 4 1 5 2 12 8 0 11 7 6 3 9 10 4 1 5 2 12 231 231 
10 6 11 7 0 5 4 3 2 1 8 12 9 10 6 11 7 0 5 4 3 2 1 8 12 9 10 6 11 7 0 5 4 3 2 1 8 12 9 10 6 11 7 0 5 4 3 2 1 8 12 9 10 6 11 7 0 5 4 3 2 1 8 12 9 10 6 11 7 0 5 4 3 2 1 8 12 9 10 6 11 7 0 5 4 3 2 1 8 12 9 10 6 11 7 0 5 4 3 2 1 8 12 9 10 6 11 7 0 5 4 3 2 1 8 12 9 10 6 11 7 0 5 4 3 2 1 8 12 9 10 6 11 7 0 5 4 3 2 1 8 12 9 10 6 11 7 0 5 4 3 2 1 8 12 9 10 6 11 7 0 5 4 3 2 1 8 12 9 10 6 11 7 0 5 4 3 2 1 8 231 231 
7 6 11 10 0 4 8 1 3 2 5 9 12 7 6 11 10 0 4 8 1 3 2 5 9 12 7 6 11 10 0 4 8 1 3 2 5 9 12 7 6 11 10 0 4 8 1 3 2 5 9 12 7 6 11 10 0 4 8 1 3 2 5 9 12 7 6 11 10 0 4 8 1 3 2 5 9 12 7 6 11 10 0 4 8 1 3 2 5 9 12 7 6 11 10 0 4 8 1 3 2 5 9 12 7 6 11 10 0 4 8 1 3 2 5 9 12 7 6 11 10 0 4 8 1 3 2 5 9 12 7 6 11 10 0 4 8 1 3 2 5 9 12 7 6 11 10 0 4 8 1 3 2 5 9 12 7 6 11 10 0 4 8 1 3 2 5 9 12 7 6 11 10 0 4 8 1 3 2 5 231 231 
6 10 11 9 0 5 8 2 1 3 4 12 7 6 10 11 9 0 5 8 2 1 3 4 12 7 6 10 11 9 0 5 8 2 1 3 4 12 7 6 10 11 9 0 5 8 2 1 3 4 12 7 6 10 11 9 0 5 8 2 1 3 4 12 7 6 10 11 9 0 5 8 2 1 3 4 12 7 6 10 11 9 0 5 8 2 1 3 4 12 7 6 10 11 9 0 5 8 2 1 3 4 12 7 6 10 11 9 0 5 8 2 1 3 4 12 7 6 10 11 9 0 5 8 2 1 3 4 12 7 6 10 11 9 0 5 8 2 1 3 4 12 7 6 10 11 9 0 5 8 2 1 3 4 12 7 6 10 11 9 0 5 8 2 1 3 4 12 7 6 10 11 9 0 5 8 2 1 3 4 231 231 
