2 2 2 4 4 4 4 2 2 2 2 2 2 2 2 5 4 5 4 5 4 5 1 4 5 1 5 4 1 5 4 1 5 1 4 1 5 4 5 1 4 5 4 1 5 4 5 4 1 5 4 1 5 4 5 4 1 5 4 5 1 4 1 5 4 0 3 2 6 231 231 231 
0 0 0 0 0 0 0 0 0 3 0 3 3 0 3 0 3 0 0 3 0 3 0 3 3 0 0 0 0 3 0 3 0 3 0 3 0 0 3 0 3 0 0 3 0 3 0 0 0 3 0 3 0 0 0 3 0 3 0 0 3 0 3 0 4 5 231 231 231 231 231 231 
1 1 1 1 1 1 1 1 1 1 1 1 1 1 1 1 1 1 1 1 1 1 1 1 1 1 1 1 1 1 1 1 1 1 1 1 1 1 1 1 1 1 1 1 1 1 1 1 1 1 1 1 1 1 1 1 1 1 1 1 1 1 1 231 231 231 231 231 231 231 231 231 
5 1 4 4 3 0 2 0 6 2 3 6 2 6 1 4 5 2 5 4 5 1 4 1 5 4 1 5 4 1 5 4 5 1 4 1 5 4 5 1 4 1 5 4 1 5 4 1 5 4 1 5 4 1 5 4 1 5 4 1 5 4 1 5 4 6 2 3 0 7 231 231 
3 2 6 3 6 2 3 0 4 4 1 5 4 1 5 4 1 5 4 1 5 4 1 5 4 1 5 4 1 4 5 4 1 4 5 4 1 4 5 1 4 1 5 4 1 4 5 4 1 5 4 1 5 4 1 5 4 6 6 2 0 6 2 6 3 0 7 4 1 5 231 231 
3 7 7 7 7 7 7 0 3 6 2 3 6 2 3 6 2 3 6 3 2 6 2 3 6 3 6 2 3 6 3 2 6 2 3 6 3 2 6 2 3 6 3 6 6 3 2 6 2 3 6 3 3 6 2 3 2 6 3 2 6 3 6 2 3 0 1 4 5 7 231 231 
7 7 7 7 7 7 7 7 7 7 7 7 7 7 2 3 6 3 2 6 1 1 4 5 1 4 5 1 5 4 1 5 4 1 5 4 1 5 4 1 5 4 1 5 4 1 5 4 1 5 4 1 5 4 1 5 4 1 5 4 1 5 4 1 5 3 2 6 0 7 231 231 
7 4 1 5 4 1 4 5 1 5 4 1 5 4 1 5 4 1 5 4 1 5 4 1 5 4 1 5 4 1 5 4 1 5 4 1 5 4 1 5 4 1 5 4 1 5 4 1 5 4 1 5 4 1 5 4 1 5 2 2 3 6 2 6 3 0 1 4 5 7 231 231 
3 2 6 2 6 2 3 6 2 3 6 2 3 6 2 6 1 1 4 5 4 1 5 4 5 1 4 5 4 1 4 5 4 1 4 5 4 1 4 5 4 1 4 5 4 1 4 5 4 1 5 4 1 5 1 4 5 1 4 1 5 4 1 5 4 6 2 3 0 7 231 231 
3 2 6 3 2 6 0 2 0 6 1 1 4 5 1 4 5 4 1 5 4 5 1 4 1 5 4 5 1 4 1 5 4 1 5 4 1 5 4 1 5 4 1 5 4 1 5 4 1 5 4 1 5 4 1 5 4 1 5 4 1 5 4 5 1 0 2 6 3 7 231 231 
3 6 2 3 6 3 2 6 2 3 6 3 6 0 3 6 3 6 0 3 6 3 2 6 1 1 4 5 4 1 5 4 1 5 4 1 4 5 1 4 1 5 4 1 5 4 1 5 4 1 5 4 1 5 2 2 3 6 3 6 6 3 2 3 6 0 5 7 1 4 231 231 
7 7 7 7 7 7 7 7 7 7 7 7 7 7 7 7 7 7 7 7 7 7 7 7 7 7 7 7 7 7 2 3 6 2 3 6 2 3 6 2 3 6 2 3 6 2 3 6 2 3 6 2 0 6 2 3 6 2 0 0 0 0 0 2 6 3 1 4 5 7 231 231 
3 6 3 2 3 6 2 0 6 0 2 6 3 2 3 5 5 1 5 4 5 1 4 5 1 4 5 1 4 5 1 4 1 5 4 5 4 1 5 4 5 4 1 5 4 5 4 5 4 1 5 4 5 4 5 4 1 5 4 5 4 5 4 5 1 3 2 0 6 7 231 231 
3 6 2 3 0 2 3 6 2 6 3 2 3 2 3 6 2 6 3 2 3 6 2 6 3 2 6 2 3 6 2 3 6 2 6 2 5 5 1 4 5 4 1 5 4 5 4 5 3 7 7 7 7 7 7 4 4 5 4 5 4 1 5 4 1 3 2 6 0 7 231 231 
3 2 6 2 3 6 2 3 6 2 3 6 2 3 6 2 3 6 2 3 6 2 3 6 2 3 6 2 3 6 2 3 6 2 3 6 2 3 6 2 3 6 2 3 6 2 3 6 2 3 6 2 3 6 2 3 6 2 3 6 2 3 6 2 3 0 5 1 4 7 231 231 
0 3 0 2 3 6 0 0 0 0 0 3 6 2 0 6 3 2 0 0 0 5 1 4 5 1 4 5 4 1 5 4 1 5 4 1 5 4 1 4 5 4 1 5 4 1 5 4 1 4 5 4 1 4 5 4 1 5 4 1 5 4 3 6 0 2 1 5 7 4 231 231 
7 5 4 1 5 4 1 5 4 1 4 5 4 1 5 4 1 4 1 5 4 1 5 4 1 5 4 1 5 4 1 5 1 4 5 4 1 4 5 4 1 5 4 1 5 1 4 5 1 4 1 5 4 1 5 4 2 3 6 2 6 3 2 3 6 0 1 4 5 7 231 231 
3 2 6 2 3 0 2 0 0 0 0 5 1 4 5 4 1 5 4 1 5 4 5 1 4 5 4 1 5 4 5 1 4 1 5 4 1 5 4 1 5 4 1 5 4 1 5 4 1 5 4 1 5 3 2 0 2 3 0 0 6 3 6 0 3 2 1 4 5 7 231 231 
3 6 2 3 6 3 6 3 0 6 3 6 0 3 6 2 3 6 0 3 6 2 3 6 2 3 6 2 3 6 2 3 6 2 3 6 2 3 6 2 3 6 2 3 6 2 3 2 6 2 3 6 2 3 6 2 3 2 6 3 2 6 2 3 6 0 5 1 4 7 231 231 
3 2 6 2 3 6 3 2 6 2 3 6 2 3 6 2 3 6 2 3 3 3 4 1 5 4 1 5 4 1 5 4 1 5 4 1 5 4 1 5 4 1 5 4 1 5 4 1 5 4 1 5 4 1 5 4 1 5 4 1 5 4 1 5 4 3 2 6 0 7 231 231 
3 2 6 3 2 0 6 3 2 3 2 0 6 3 2 3 1 1 4 5 4 1 5 4 1 5 4 1 5 4 1 5 4 1 5 4 1 5 4 1 5 4 1 5 4 1 5 4 1 5 4 1 5 4 1 5 4 1 5 4 1 4 1 5 4 0 2 6 3 7 231 231 
3 2 3 6 3 2 6 3 6 0 3 6 3 6 0 3 2 6 3 2 6 2 3 6 1 5 4 1 5 4 5 1 4 5 4 1 5 4 1 5 4 1 5 4 1 5 4 1 5 4 1 5 4 1 4 5 1 4 1 5 4 1 5 4 1 3 2 6 0 7 231 231 
7 3 1 5 4 1 5 4 1 5 4 1 5 4 1 4 5 1 4 5 1 4 5 1 4 1 5 4 1 5 4 1 5 2 2 3 6 3 2 6 3 2 6 2 3 6 2 0 6 2 3 0 0 0 0 1 5 4 1 5 4 1 5 4 1 0 2 6 3 7 231 231 
3 2 3 6 3 6 2 3 0 0 0 5 1 5 4 5 1 4 1 5 4 5 1 4 1 5 4 5 1 4 1 5 4 5 1 4 1 5 4 1 5 4 1 5 4 1 5 4 1 5 4 1 5 4 0 2 0 6 2 0 2 3 6 3 2 1 4 5 0 7 231 231 
0 6 1 1 4 5 1 5 4 1 5 4 1 4 5 1 4 5 1 4 1 5 4 1 5 4 1 5 4 1 5 4 1 5 4 1 5 4 1 5 4 1 5 4 1 5 4 1 5 4 1 5 4 1 5 4 1 5 4 1 5 4 1 5 4 2 6 3 0 7 231 231 
6 3 2 6 3 2 6 3 2 6 2 3 6 2 3 6 2 3 6 2 3 6 2 3 6 2 3 6 2 3 6 2 3 6 2 0 6 0 2 6 0 0 0 2 6 2 0 6 0 2 0 0 0 2 3 6 2 0 0 1 1 4 5 1 4 2 3 0 6 7 231 231 
3 6 2 0 0 0 2 6 2 0 0 5 5 1 4 1 5 4 1 5 4 1 5 4 1 5 4 1 5 4 1 5 4 1 5 4 1 4 1 5 4 1 5 4 1 5 4 1 5 1 4 5 1 4 1 5 4 1 5 1 4 1 5 4 1 2 0 3 6 7 231 231 
3 2 3 2 6 2 3 6 2 3 6 3 2 3 6 3 2 6 3 2 6 2 3 6 3 2 3 6 2 3 6 2 3 6 2 3 6 2 3 6 2 3 6 2 3 6 2 3 6 2 3 6 2 3 6 2 3 2 6 2 3 6 2 3 6 0 4 1 5 7 231 231 
7 5 1 4 5 2 6 3 2 0 0 0 6 3 2 6 3 6 0 2 0 2 3 0 0 0 0 0 0 0 6 3 2 0 3 2 0 2 3 0 0 0 3 2 3 0 2 0 3 6 3 6 0 3 2 6 2 3 0 0 0 2 6 0 2 3 4 1 5 7 231 231 
7 5 4 1 5 4 1 5 4 1 5 4 1 5 4 1 4 1 4 5 4 1 4 5 4 1 4 5 4 1 4 5 4 1 4 5 1 4 5 1 4 1 5 4 1 5 4 1 5 4 1 5 4 1 5 4 1 5 4 1 5 4 1 5 4 6 2 3 0 7 231 231 
