0 1 0 1 1 0 1 0 1 2 231 231 
2 2 0 1 0 0 1 0 1 2 231 231 
2 0 1 1 1 0 1 0 1 2 231 231 
2 2 2 2 2 2 2 2 0 1 231 231 
2 2 2 2 2 2 2 0 2 1 231 231 
2 1 0 1 1 1 1 1 0 2 231 231 
2 2 2 2 2 2 2 2 1 0 231 231 
2 0 1 0 1 0 2 2 0 1 231 231 
2 2 2 2 2 2 2 2 0 1 231 231 
2 2 2 2 2 2 2 2 0 1 231 231 
2 2 2 2 2 2 2 2 0 1 231 231 
2 2 2 2 2 2 2 2 0 1 231 231 
2 2 2 2 2 2 2 2 0 1 231 231 
2 2 2 2 2 2 2 2 0 1 231 231 
2 2 2 2 2 2 2 2 0 1 231 231 
2 2 2 2 2 2 2 2 0 1 231 231 
2 2 2 2 2 2 2 2 0 1 231 231 
2 2 2 2 2 2 2 2 0 1 231 231 
2 2 2 2 2 2 2 2 0 1 231 231 
2 2 2 2 2 2 2 2 0 1 231 231 
2 2 2 2 2 2 2 2 0 1 231 231 
2 2 2 2 2 2 2 2 0 1 231 231 
2 2 2 2 2 2 2 2 0 1 231 231 
2 2 2 2 2 2 2 2 0 1 231 231 
2 2 2 2 2 2 2 2 0 1 231 231 
2 2 2 2 2 2 2 2 0 1 231 231 
2 2 2 2 2 2 2 2 0 1 231 231 
2 2 2 2 2 2 2 2 0 1 231 231 
2 2 2 0 0 1 1 1 0 2 231 231 
2 2 2 2 2 2 2 2 0 1 231 231 
