0 0 0 0 0 0 0 2 0 2 0 2 0 1 3 1 2 0 231 231 
0 2 0 2 0 2 0 3 1 2 2 2 0 2 0 2 1 3 231 231 
3 1 1 1 1 1 2 0 2 0 2 0 2 0 2 0 3 1 231 231 
3 1 1 2 2 2 0 2 0 3 3 1 3 1 3 1 0 2 231 231 
3 1 3 1 2 0 0 2 0 2 0 3 1 1 1 3 0 2 231 231 
0 2 0 2 0 1 1 3 1 0 2 0 2 0 3 1 0 2 231 231 
1 3 1 1 1 1 3 1 1 2 0 2 0 2 0 1 3 2 231 231 
1 3 1 1 3 1 1 3 1 3 1 1 3 1 1 3 2 0 231 231 
0 0 2 0 1 3 1 1 3 1 1 3 1 3 1 3 2 0 231 231 
2 0 2 0 2 0 3 3 3 1 1 3 1 1 3 1 0 2 231 231 
2 0 2 0 3 3 3 1 1 0 2 0 1 3 1 3 2 0 231 231 
2 0 2 0 3 1 1 3 1 1 3 1 1 3 1 3 2 0 231 231 
2 0 2 0 3 3 1 1 3 1 1 3 1 1 3 1 2 0 231 231 
0 2 2 0 2 0 3 3 3 1 0 2 0 2 0 3 1 2 231 231 
0 0 2 0 2 0 1 1 3 1 1 3 1 1 3 1 0 2 231 231 
3 1 3 1 1 3 1 2 0 0 2 0 3 3 3 1 0 2 231 231 
0 0 2 2 0 2 0 3 3 3 1 1 3 1 0 2 3 1 231 231 
0 0 2 0 2 0 3 3 3 1 1 3 1 1 3 1 0 2 231 231 
0 0 2 0 2 0 2 0 2 0 2 0 3 1 1 0 2 3 231 231 
0 0 2 0 2 0 1 3 1 3 1 0 2 0 2 0 3 1 231 231 
2 0 2 0 2 0 2 0 2 0 2 0 0 3 1 3 2 0 231 231 
3 1 2 2 2 0 2 0 3 3 3 1 3 1 1 3 2 0 231 231 
2 0 2 0 1 1 1 1 1 1 0 2 2 0 2 0 3 1 231 231 
0 0 2 0 1 1 3 1 3 1 1 3 1 1 3 1 0 2 231 231 
1 3 1 3 1 1 3 1 1 3 1 1 3 1 3 1 2 0 231 231 
0 0 2 0 3 3 1 2 2 2 0 2 0 3 3 1 0 2 231 231 
1 3 1 1 3 1 1 3 1 2 0 2 0 2 0 3 1 2 231 231 
1 3 1 1 3 1 1 3 1 3 1 1 3 1 3 1 2 0 231 231 
1 3 1 2 0 2 0 2 0 1 3 1 1 3 1 3 0 2 231 231 
1 3 1 3 1 1 3 1 3 1 1 3 1 3 1 3 2 0 231 231 
