3 1 1 1 1 1 3 1 3 3 1 3 4 4 4 2 2 2 2 2 2 4 4 2 1 3 4 0 231 231 
3 3 3 3 3 2 2 2 2 2 2 2 2 2 2 2 2 2 2 2 2 2 2 2 4 0 1 3 231 231 
1 3 1 1 1 1 3 3 3 3 3 3 3 3 3 3 3 3 3 3 3 3 3 3 4 2 0 1 231 231 
3 3 1 1 1 1 4 4 4 4 4 4 4 4 4 4 4 4 4 4 4 4 4 4 2 0 1 3 231 231 
3 3 3 1 1 3 3 3 3 3 3 3 3 3 3 3 3 3 3 3 3 3 3 3 1 4 2 0 231 231 
2 2 2 2 4 4 4 4 2 2 2 0 1 1 3 3 3 3 3 3 3 3 3 3 0 2 4 1 231 231 
0 4 4 4 4 0 1 1 3 3 3 3 3 1 1 3 3 3 3 3 3 3 3 3 1 0 2 4 231 231 
0 4 4 2 2 2 4 4 4 2 2 4 4 4 0 0 0 0 0 0 0 0 0 0 4 2 1 3 231 231 
2 4 4 2 2 4 4 4 2 2 4 4 4 2 2 2 2 2 2 4 4 0 0 0 4 2 1 3 231 231 
1 1 1 1 1 4 4 4 4 4 4 4 4 4 4 4 4 4 4 4 4 4 4 4 2 0 1 3 231 231 
0 3 1 3 3 3 3 1 1 3 3 3 3 3 3 3 3 3 3 3 3 3 3 3 1 4 2 0 231 231 
3 3 3 1 1 3 3 3 3 3 3 3 3 3 3 3 3 3 3 3 3 3 3 3 4 2 0 1 231 231 
3 3 3 3 3 3 3 3 3 3 3 3 3 3 3 3 3 3 3 3 3 3 3 3 4 2 0 1 231 231 
3 3 3 4 4 4 4 4 4 4 4 4 4 4 4 4 4 4 4 4 4 4 4 4 0 2 1 3 231 231 
3 3 3 3 1 1 3 3 3 3 3 3 3 3 3 3 3 3 3 3 3 3 3 3 4 0 2 1 231 231 
2 2 4 4 4 4 4 4 4 4 4 4 4 4 4 4 4 4 4 4 4 4 4 4 0 2 1 3 231 231 
2 2 4 4 4 4 4 4 4 4 4 4 4 4 4 4 4 4 4 4 4 4 4 4 0 1 3 2 231 231 
3 3 3 4 4 4 4 4 4 4 4 4 4 4 4 4 4 4 4 4 4 4 4 4 0 2 1 3 231 231 
0 4 4 4 4 0 0 2 4 4 4 4 4 4 4 4 4 4 4 4 4 4 4 4 2 0 1 3 231 231 
2 2 2 2 2 4 4 4 4 4 4 4 4 4 4 4 4 4 4 4 4 4 4 4 2 0 1 3 231 231 
1 1 1 1 1 1 1 1 1 1 1 3 3 3 3 1 1 3 3 3 3 3 3 3 1 2 0 4 231 231 
2 4 4 4 2 2 4 4 4 4 4 4 4 4 4 4 4 4 4 4 4 4 4 4 2 0 3 1 231 231 
2 2 4 4 4 4 4 4 4 4 4 4 4 4 4 4 4 4 4 4 4 4 4 4 2 0 1 3 231 231 
3 3 3 3 3 3 4 4 4 4 4 0 0 0 0 0 0 0 0 0 0 0 0 0 4 2 1 3 231 231 
1 1 1 1 1 1 1 1 1 1 1 1 1 1 1 1 1 1 1 1 1 1 1 1 4 2 0 3 231 231 
4 0 0 0 0 0 0 0 0 0 0 0 0 0 0 0 0 0 0 0 0 0 0 0 4 2 1 3 231 231 
2 2 2 2 2 2 2 2 2 2 2 2 2 2 2 2 2 2 2 2 2 2 2 2 4 0 1 3 231 231 
0 4 4 2 2 2 2 2 2 2 2 2 2 2 2 2 2 2 2 2 2 2 2 2 4 0 1 3 231 231 
3 3 3 4 4 4 4 4 4 4 4 4 4 4 4 4 4 4 4 4 4 4 4 4 2 0 1 3 231 231 
4 0 0 0 0 0 0 0 0 0 0 0 0 0 0 0 0 0 0 0 0 0 0 0 4 2 1 3 231 231 
