0 0 0 1 231 231 
1 0 0 1 231 231 
1 1 1 0 231 231 
1 1 1 0 231 231 
1 1 1 231 231 231 
1 1 1 0 231 231 
1 1 1 0 231 231 
1 1 1 231 231 231 
0 0 0 1 231 231 
1 1 0 1 231 231 
0 0 0 1 231 231 
1 1 1 0 231 231 
0 0 0 1 231 231 
1 1 1 0 231 231 
1 1 1 231 231 231 
1 1 1 231 231 231 
0 0 0 1 231 231 
1 1 1 0 231 231 
1 1 1 231 231 231 
1 1 1 231 231 231 
1 1 1 231 231 231 
1 1 1 0 231 231 
1 1 1 231 231 231 
1 1 0 1 231 231 
1 1 1 231 231 231 
0 0 0 1 231 231 
1 1 1 0 231 231 
1 1 1 231 231 231 
1 1 1 0 231 231 
1 1 1 231 231 231 
