0 0 0 0 11 9 9 9 9 9 8 10 12 10 8 11 14 0 12 15 10 10 10 10 10 10 10 10 10 10 7 2 11 9 5 12 7 11 2 14 13 4 6 6 6 6 6 6 6 6 6 6 6 6 6 6 6 7 6 7 11 14 13 2 13 2 3 6 4 1 7 1 3 2 3 2 13 4 6 7 6 7 2 14 13 14 13 14 13 14 7 4 7 4 7 4 7 14 2 3 13 3 13 3 13 3 2 14 3 14 13 3 6 1 6 1 6 1 6 1 14 2 14 13 7 4 7 1 7 1 7 1 7 1 7 1 7 1 6 7 6 7 6 7 6 7 6 7 6 7 14 2 13 14 4 6 4 6 14 2 3 2 3 2 3 2 3 6 1 7 5 1 4 1 6 4 1 6 4 1 2 14 2 14 2 14 2 14 6 4 7 6 4 14 2 14 2 14 2 14 6 4 6 4 6 4 6 14 2 6 4 1 6 14 2 3 6 4 6 4 6 4 6 14 2 6 4 7 14 2 3 2 13 2 14 4 6 4 6 4 6 4 6 4 6 14 2 14 2 14 2 14 2 14 2 13 3 1 4 6 7 5 10 15 231 231 231 231 231 231 231 231 
6 1 14 6 1 8 8 8 8 8 8 8 6 4 1 6 7 6 9 3 14 14 3 11 3 6 4 1 6 4 6 1 6 4 6 7 3 7 7 7 7 1 4 4 6 7 1 4 7 1 6 6 4 1 6 6 4 1 4 6 7 4 7 4 6 4 1 4 6 1 4 6 14 14 3 9 11 9 11 14 3 11 3 14 6 6 4 7 6 4 1 7 7 7 7 7 4 6 1 4 6 4 7 11 11 3 14 3 9 9 9 3 14 9 3 9 9 9 9 14 3 11 9 9 9 9 9 3 14 11 3 14 9 9 14 3 9 11 3 14 11 11 3 11 14 3 14 11 3 14 11 3 11 14 3 14 11 3 11 14 3 14 11 3 11 14 3 14 3 14 11 3 11 14 3 14 11 3 14 11 9 14 11 3 14 3 11 3 14 3 11 9 9 9 9 9 3 14 9 3 9 14 3 9 14 3 11 3 14 11 3 14 1 1 4 6 1 4 6 7 4 7 1 6 4 1 4 1 6 4 1 6 4 1 6 4 1 6 6 4 1 7 4 6 4 6 1 6 4 1 6 4 1 4 6 4 1 7 14 3 11 9 8 5 231 231 231 231 231 231 231 231 
14 7 4 6 4 7 6 1 6 4 7 6 4 1 7 9 9 14 5 8 5 8 5 8 8 8 5 8 5 5 8 5 8 6 6 4 6 4 6 1 4 6 14 3 14 11 14 11 3 14 11 11 14 3 4 6 6 1 6 7 1 7 4 7 1 7 4 7 6 4 1 6 4 1 4 6 1 1 4 6 1 4 6 4 1 7 7 4 6 6 4 1 4 6 4 1 4 6 1 4 6 4 1 7 4 1 4 6 1 4 1 4 1 4 1 4 6 1 4 6 1 4 6 1 4 6 4 1 4 6 1 4 6 4 1 4 6 1 4 6 1 4 6 1 4 6 1 4 6 7 7 4 6 1 4 6 1 4 6 1 4 6 1 4 6 7 6 4 7 7 7 4 6 7 4 6 7 7 7 4 6 7 7 7 7 7 4 6 7 4 6 7 4 6 7 4 7 7 7 7 4 7 6 4 1 4 7 1 6 4 6 11 11 3 14 3 14 9 3 14 3 14 11 3 9 11 3 3 11 14 3 11 14 3 14 6 6 4 1 6 1 4 6 14 14 3 14 11 3 14 11 3 14 11 3 14 11 9 1 4 7 6 8 5 231 231 231 231 231 231 231 231 
6 7 6 8 8 5 5 8 5 8 5 8 5 8 5 7 6 1 7 6 1 6 7 1 1 1 6 7 1 6 7 4 6 1 4 7 6 4 1 4 6 1 4 7 1 7 4 7 7 4 7 1 4 7 1 4 7 1 4 7 1 4 7 1 7 4 7 1 7 4 7 1 6 6 4 6 1 4 7 7 7 7 7 7 4 6 7 4 7 6 4 1 4 6 1 4 7 4 6 1 6 4 6 4 1 7 4 6 4 1 7 4 6 4 1 7 4 6 2 9 2 0 9 14 2 0 9 9 9 9 9 0 14 0 0 2 14 9 2 14 9 9 9 2 9 14 9 2 9 9 9 9 2 0 14 9 6 9 9 9 2 0 2 9 0 2 0 14 9 2 0 14 2 0 9 9 9 9 9 0 9 2 0 14 2 0 14 2 0 14 0 2 14 0 2 14 2 0 14 0 2 0 14 0 2 0 14 2 0 14 0 2 14 2 0 14 2 0 14 2 0 14 2 0 14 2 0 14 2 0 14 2 0 14 2 0 14 2 0 14 2 0 14 2 0 14 2 0 14 2 0 14 2 0 14 2 0 9 6 4 1 7 11 3 8 5 231 231 231 231 231 231 
11 3 3 6 9 9 9 7 9 9 9 6 1 7 6 2 6 4 1 6 4 6 1 1 4 6 1 4 6 4 6 0 0 2 0 9 1 1 4 6 1 6 1 7 7 7 7 7 4 1 4 7 7 7 1 7 4 6 4 1 0 0 2 0 2 7 6 4 1 6 4 1 0 0 0 9 9 9 2 0 9 9 2 0 9 9 2 0 9 9 2 9 14 14 2 0 4 8 5 8 6 6 6 1 4 6 1 7 6 1 1 4 6 1 6 7 1 7 6 1 6 1 4 7 0 0 2 9 0 2 14 9 8 5 4 4 7 6 4 1 4 6 4 1 6 6 4 1 4 6 4 1 0 0 0 2 14 9 8 5 8 5 8 5 8 5 6 6 1 0 0 2 14 9 2 14 0 2 0 6 6 1 7 6 4 7 7 7 7 7 6 4 7 6 4 7 7 14 14 14 2 0 9 14 0 14 0 2 7 7 7 7 7 6 4 1 14 14 0 2 0 14 9 9 9 9 9 9 0 2 9 0 2 9 0 2 9 0 2 9 0 9 9 9 9 0 9 2 0 2 0 9 9 9 0 2 9 14 4 6 7 1 3 11 8 5 231 231 231 231 231 231 
7 8 1 1 6 1 2 2 2 2 1 2 2 2 2 2 2 6 1 6 3 11 3 11 3 11 3 11 3 14 14 2 0 2 0 2 0 14 4 6 7 1 2 9 0 7 7 4 7 1 6 6 14 14 2 0 9 1 1 4 6 7 1 6 6 6 6 4 1 6 4 1 4 6 1 4 7 6 4 1 7 4 6 4 1 7 4 4 7 7 4 6 9 9 9 9 9 2 0 2 14 0 2 14 9 9 9 2 0 9 9 2 0 9 9 2 0 9 9 2 9 0 9 14 0 14 2 2 0 9 9 9 9 9 2 14 0 6 4 1 7 4 6 4 7 7 7 7 7 6 4 7 7 4 7 6 0 0 9 14 9 2 9 14 9 2 9 9 0 2 14 2 0 14 2 14 0 2 0 14 2 14 0 2 14 0 9 2 0 14 9 9 0 0 2 0 1 6 1 4 6 1 4 1 6 0 0 2 9 0 14 7 7 9 2 9 0 2 14 9 4 4 6 1 6 4 6 1 6 1 4 6 4 1 7 7 6 4 1 7 7 6 4 1 6 0 14 2 0 8 5 1 1 1 6 0 2 14 9 7 1 4 3 11 8 5 231 231 231 231 231 231 
4 1 3 3 3 3 3 3 3 3 3 3 3 3 3 3 3 3 3 3 3 3 3 3 3 3 3 3 3 3 3 3 3 3 3 3 3 3 3 3 3 3 3 3 3 3 3 3 3 3 3 3 3 3 3 3 3 3 3 3 3 3 3 3 3 3 3 3 3 11 3 11 3 11 3 11 9 11 3 11 3 11 3 0 0 2 0 4 6 1 4 1 4 6 4 1 4 7 4 6 6 4 7 1 9 9 9 9 9 2 9 0 2 9 8 5 4 4 7 1 1 4 4 1 4 6 1 7 6 7 4 6 7 7 7 7 7 6 4 1 1 6 0 0 0 2 14 9 4 6 1 4 6 1 6 0 0 0 14 9 0 2 0 14 0 2 14 9 14 1 14 14 0 6 6 6 6 1 4 6 6 9 9 9 9 9 2 14 0 4 4 7 7 6 1 1 6 9 9 14 9 9 9 2 14 1 1 4 6 7 4 6 7 7 4 6 7 4 6 1 6 2 2 0 2 14 14 2 14 0 0 14 0 9 7 6 4 6 1 4 6 1 6 1 4 6 1 6 9 9 9 9 0 2 9 0 2 14 4 6 1 7 3 11 8 5 231 231 231 231 231 231 
4 8 8 8 8 8 8 8 8 8 8 8 2 2 2 2 2 2 2 2 7 4 1 4 7 7 6 7 6 1 7 6 4 1 7 4 6 1 4 6 1 4 1 4 6 4 7 1 4 7 1 4 7 1 6 6 4 7 1 6 6 4 6 4 7 1 6 6 4 6 4 7 6 4 1 6 1 7 4 6 4 1 6 1 4 7 6 4 1 4 6 4 1 6 4 7 6 4 1 6 4 7 6 4 1 6 0 0 2 9 0 0 2 0 9 9 9 9 2 0 14 2 9 0 2 14 0 2 14 2 0 14 2 0 14 2 2 0 14 9 6 6 1 7 6 1 4 6 4 1 0 0 2 9 0 2 14 2 0 14 2 0 14 2 14 9 9 9 2 14 2 9 14 9 2 14 2 0 2 14 0 2 14 2 0 14 0 2 0 14 2 0 14 2 0 7 4 7 4 7 4 7 4 7 4 7 4 6 4 1 7 1 6 1 1 6 1 4 6 1 6 1 4 6 1 6 0 0 2 9 0 2 0 0 14 9 0 14 0 2 14 2 0 0 14 2 0 9 2 0 14 0 2 14 2 0 14 9 1 6 4 7 3 11 5 8 231 231 231 231 231 231 
6 6 2 14 9 9 9 2 14 9 9 9 2 14 6 6 6 4 1 6 4 1 7 4 7 6 4 5 8 5 0 2 14 9 2 9 7 7 6 0 14 2 14 1 1 4 7 1 4 7 1 4 7 1 6 1 7 4 1 1 4 6 1 1 4 6 1 4 6 4 1 1 4 6 1 4 6 4 1 6 4 6 1 6 6 1 4 6 1 4 6 4 1 6 7 1 6 1 0 0 0 14 2 14 14 0 2 9 9 9 0 8 5 3 11 3 7 3 11 3 11 3 11 3 11 3 11 3 11 3 11 3 0 0 2 9 0 2 14 0 0 14 2 0 14 14 2 0 14 0 0 2 14 2 0 0 14 2 9 9 9 0 2 14 2 0 9 14 9 2 0 2 0 14 0 0 14 2 0 14 14 0 4 4 7 4 6 7 7 7 7 6 4 6 1 4 1 6 4 6 7 7 7 7 6 4 1 4 6 1 4 6 7 4 6 7 4 6 1 4 1 6 4 6 4 1 4 2 14 2 0 14 2 0 14 2 9 0 2 14 0 0 14 2 0 9 2 9 0 2 9 0 2 9 9 2 0 14 1 4 7 6 3 11 8 5 231 231 231 231 231 231 
6 0 0 0 0 8 8 8 8 8 8 8 8 8 8 8 8 8 8 8 8 8 8 8 8 8 8 8 8 8 8 8 8 8 8 8 8 8 8 8 8 8 8 8 8 8 8 8 8 8 8 8 8 8 8 8 8 8 8 8 8 8 8 8 8 8 8 8 8 8 8 8 8 8 8 8 8 8 8 8 8 4 6 7 7 7 7 6 7 7 6 4 7 6 6 6 6 4 7 6 7 7 7 4 1 7 4 7 1 7 7 1 7 4 7 6 2 14 2 0 0 14 2 0 14 2 0 14 2 0 14 2 0 2 9 0 2 14 2 0 14 2 0 14 2 0 2 14 2 0 14 2 0 14 2 0 2 14 2 0 14 2 0 14 2 0 2 14 2 0 14 2 0 14 2 0 14 2 0 2 9 0 14 2 0 9 2 9 9 9 9 9 2 0 9 2 0 9 9 0 6 7 1 7 6 1 2 6 1 0 14 2 14 2 0 14 0 2 0 9 2 0 9 2 9 0 2 14 0 2 0 2 14 6 1 7 1 6 7 4 7 6 4 1 7 6 4 1 0 14 2 9 2 14 14 2 9 0 4 6 1 7 3 11 8 5 231 231 231 231 231 231 
4 1 7 7 4 1 7 1 1 6 4 7 7 7 7 4 6 1 4 1 4 6 1 4 1 4 6 1 4 1 6 6 4 6 4 7 1 6 6 4 1 7 1 6 1 7 6 4 6 7 1 9 9 9 9 9 0 0 9 2 0 2 9 0 2 4 6 1 1 6 4 1 4 6 1 1 4 6 1 6 4 7 6 4 1 4 6 1 1 4 6 1 6 4 7 6 4 1 4 6 4 1 0 1 2 14 0 4 4 7 6 4 1 1 4 6 1 6 4 7 6 4 1 4 6 6 1 4 6 1 7 4 7 6 4 1 7 4 6 1 4 6 4 1 4 6 6 1 4 6 1 4 6 4 7 6 4 1 4 6 1 4 1 14 2 0 2 0 2 0 14 2 9 9 9 9 9 2 14 9 2 9 14 2 0 2 0 2 2 0 14 0 0 2 14 2 0 14 0 9 2 9 0 2 0 9 9 9 0 2 9 14 9 2 0 14 2 14 14 0 1 1 4 6 1 4 6 7 6 4 6 6 7 7 7 7 4 6 4 6 4 6 1 4 7 1 6 7 7 7 4 7 7 4 6 7 4 1 0 2 14 9 3 11 8 5 231 231 231 231 231 231 
10 6 10 6 10 6 10 6 10 6 10 6 10 6 10 6 10 6 10 6 10 6 10 6 10 6 10 6 10 6 10 6 10 6 10 6 10 6 10 6 10 6 10 6 10 6 10 6 10 6 10 6 10 6 10 6 10 6 4 10 6 4 6 10 4 10 6 4 10 6 4 10 6 4 10 6 4 10 6 4 10 6 4 10 6 4 10 6 4 4 10 6 4 6 10 10 10 4 6 4 10 6 10 4 6 4 11 11 11 11 11 11 4 10 6 10 6 4 10 6 4 6 10 4 6 10 4 6 4 6 10 4 6 4 10 7 4 6 10 4 10 6 6 10 4 6 4 10 7 4 10 6 7 10 4 10 6 7 10 4 6 10 4 10 6 7 10 4 6 10 4 10 6 7 10 4 6 10 4 10 6 7 10 4 6 10 4 10 7 7 7 10 4 6 10 4 0 0 2 10 2 0 2 7 10 4 7 7 7 7 10 4 10 7 4 10 7 7 7 10 4 7 7 10 7 7 7 7 7 7 7 7 7 7 7 7 7 7 7 7 7 7 7 7 7 7 7 7 7 7 7 7 7 9 9 2 0 14 10 7 4 6 3 11 8 5 12 231 231 231 231 231 
7 7 4 7 7 4 7 4 7 4 7 4 7 7 7 7 4 7 7 7 4 7 7 4 9 9 2 9 0 4 4 10 6 4 10 7 7 10 7 4 10 4 6 10 6 4 10 7 6 4 10 7 4 10 7 4 10 7 6 4 10 6 0 2 0 14 0 2 0 14 14 2 0 9 9 9 9 9 0 2 9 14 0 2 0 9 2 9 9 9 9 2 0 14 2 0 14 2 0 14 9 9 9 0 14 2 0 14 2 0 2 14 9 0 2 14 9 10 6 7 7 6 4 10 7 6 4 4 10 4 6 10 7 6 4 10 7 7 7 7 7 7 7 7 4 10 6 10 4 10 7 7 10 4 7 7 10 4 10 7 4 10 6 10 4 10 6 7 10 7 7 7 7 7 7 10 10 4 6 10 4 7 10 7 7 0 0 2 14 9 2 14 2 9 14 2 0 14 9 10 10 10 7 4 10 4 7 10 4 7 10 4 6 10 4 10 7 4 10 7 7 7 7 10 4 7 7 7 4 10 6 7 10 4 10 6 7 7 10 7 6 7 10 7 7 7 7 4 6 10 4 6 10 4 0 9 2 14 7 10 4 6 3 11 8 5 12 231 231 231 231 231 
10 13 10 3 3 3 3 3 3 3 3 3 3 3 10 10 13 3 3 3 3 3 3 3 3 3 3 3 3 3 3 3 3 3 3 3 3 3 3 3 3 3 3 3 3 3 3 3 3 9 2 11 11 11 11 11 11 11 11 11 11 11 11 11 11 11 11 11 11 11 11 11 11 14 10 14 2 0 0 2 10 4 1 10 13 13 13 13 10 4 13 10 4 1 13 13 13 13 4 10 1 10 4 10 13 4 13 4 10 13 4 10 13 4 0 0 2 9 0 2 9 0 2 14 9 1 1 1 10 4 1 10 4 1 10 4 1 4 10 1 13 0 0 0 14 2 0 14 2 0 0 2 9 0 2 14 9 0 14 0 2 14 2 0 14 0 2 9 0 14 2 0 14 0 2 9 0 14 0 2 0 14 0 2 14 0 2 14 0 2 0 14 0 0 14 0 14 2 0 14 14 2 14 0 14 0 2 0 2 9 13 13 10 4 13 0 9 2 9 14 2 14 4 4 10 13 4 10 13 4 10 13 4 10 1 13 0 0 0 9 9 9 2 9 9 9 2 0 9 9 9 2 9 0 2 14 0 4 10 1 13 9 3 11 8 5 12 231 231 231 231 231 
13 7 13 7 13 7 13 13 7 13 13 7 13 7 13 7 13 7 13 7 13 7 13 7 13 7 13 7 13 7 13 7 13 7 13 7 13 7 13 7 13 7 13 7 13 7 13 7 13 7 10 13 7 10 13 7 10 7 13 10 7 13 10 7 10 13 7 10 7 10 14 10 7 10 1 13 7 1 10 7 1 7 1 10 7 1 7 10 7 1 7 10 7 1 7 13 1 10 13 10 7 1 13 10 7 7 10 7 13 10 13 1 7 1 7 1 13 10 7 7 1 10 7 1 13 7 1 10 13 1 7 1 7 10 1 7 10 1 7 10 1 7 10 1 7 10 7 1 10 1 7 10 7 1 10 1 7 10 7 1 10 1 7 13 2 2 9 2 0 9 9 9 2 0 9 9 9 0 2 9 0 2 9 0 2 9 0 2 9 0 2 9 14 2 0 9 9 2 0 0 14 2 14 0 2 0 14 0 9 2 9 14 2 0 2 0 14 2 14 0 2 14 2 0 14 0 14 2 0 14 2 0 2 14 2 0 14 2 0 14 2 0 14 2 0 14 2 0 14 2 0 14 2 0 14 2 0 9 1 3 7 10 13 11 5 8 12 231 231 231 231 231 
10 13 10 13 13 13 13 10 13 13 13 13 10 1 10 1 6 10 10 1 6 10 6 10 1 6 1 6 10 0 2 14 2 9 2 0 14 2 0 2 0 14 2 0 14 2 0 2 14 2 0 14 2 0 14 2 0 2 14 2 0 14 2 0 14 2 0 2 14 2 0 14 2 0 14 2 0 2 14 2 0 14 2 0 14 2 0 2 9 9 9 6 1 10 10 6 1 10 6 1 10 10 1 6 1 10 6 1 13 6 10 6 10 13 10 13 10 13 6 10 13 6 13 10 13 6 10 13 6 14 14 2 0 2 9 9 9 2 9 0 2 0 14 9 10 10 10 6 13 13 13 13 6 10 6 13 10 6 1 13 6 10 6 13 10 13 13 13 6 13 13 13 6 10 6 1 13 6 13 1 13 13 6 10 6 1 10 6 13 10 6 13 13 13 6 10 13 13 13 6 10 13 13 10 6 1 6 10 10 1 6 10 1 13 13 1 13 6 10 6 10 1 13 0 2 14 9 9 9 2 9 9 9 0 9 2 0 14 0 2 14 2 9 0 2 14 9 9 9 0 2 13 6 13 6 13 1 10 12 9 14 0 3 11 8 5 231 231 231 231 231 231 
6 7 6 7 6 7 6 7 6 7 6 7 6 7 6 7 6 7 6 7 6 7 6 7 6 7 6 7 6 7 6 7 6 7 6 7 6 7 6 7 6 7 6 7 6 7 6 7 6 7 6 7 6 7 10 7 10 6 8 8 8 8 8 8 8 8 8 8 8 8 8 8 8 8 8 8 8 8 8 8 8 8 8 8 8 8 8 8 8 8 8 8 8 8 8 8 8 8 8 8 8 8 8 8 8 8 8 8 8 8 5 3 5 5 5 5 5 5 5 5 5 5 5 5 5 5 5 5 5 5 5 5 5 5 5 5 5 5 5 5 5 5 5 5 5 5 5 5 5 9 0 9 9 9 2 9 14 9 2 9 2 9 0 2 14 9 9 9 2 9 0 2 14 9 9 9 2 0 14 2 0 2 14 9 9 9 2 9 2 9 9 9 9 0 2 14 2 9 0 2 14 9 9 9 2 9 9 9 2 0 14 2 0 14 2 0 2 14 9 9 2 0 9 2 9 14 9 2 9 0 2 14 2 0 14 2 9 9 2 14 1 7 10 6 10 6 7 10 7 1 10 7 1 6 1 7 10 6 14 2 0 9 3 11 8 5 12 231 231 231 231 231 
10 15 10 15 10 12 12 12 12 5 5 5 5 5 5 3 5 3 2 0 2 9 9 9 9 9 0 2 9 0 2 9 0 2 9 0 2 9 0 2 9 0 2 9 0 2 9 0 2 9 0 2 9 0 2 9 0 2 9 0 9 9 2 15 15 15 6 10 13 6 10 15 10 13 13 15 10 13 15 10 13 15 6 10 6 15 13 13 13 13 13 13 15 10 13 15 10 13 15 6 6 15 13 10 13 15 6 10 15 10 13 15 10 13 15 10 13 15 10 13 13 13 10 13 13 13 13 13 6 13 10 6 13 13 13 10 6 13 13 6 10 6 15 6 10 13 6 10 15 10 6 10 6 15 6 10 6 15 6 10 15 6 10 6 15 10 6 10 15 6 10 15 6 10 6 15 10 6 15 10 6 13 10 0 0 2 0 14 0 2 0 10 10 6 15 10 15 10 6 13 10 13 15 0 0 2 0 2 0 14 14 2 14 0 2 9 0 2 9 0 2 9 0 2 9 0 2 9 0 2 9 0 2 9 0 2 9 0 2 9 0 9 9 0 9 2 0 2 14 9 2 9 0 2 14 2 0 9 6 10 15 13 3 11 8 5 12 231 231 231 231 231 
10 7 10 10 12 12 12 12 12 12 12 12 12 12 10 10 7 13 10 7 10 13 4 7 4 7 13 7 4 13 13 13 13 13 7 10 4 7 13 13 13 7 13 10 7 4 7 4 13 7 10 4 7 4 10 4 7 7 10 0 0 2 14 2 0 2 14 9 9 9 2 0 9 2 9 0 2 14 2 0 14 2 0 2 14 2 0 14 2 14 2 0 14 2 14 9 9 9 2 14 0 13 13 13 10 13 7 13 7 10 7 13 4 13 0 0 2 0 9 2 9 0 2 0 2 0 2 0 2 0 2 0 9 2 0 9 2 9 2 0 2 14 2 13 13 10 4 7 4 10 7 4 10 7 10 4 10 7 10 10 4 7 4 10 7 4 10 0 14 2 9 14 9 2 9 14 2 9 14 9 2 9 9 9 9 2 0 14 0 14 2 0 14 2 0 2 14 2 0 14 2 14 0 2 9 0 2 14 2 0 14 2 0 2 9 0 2 14 9 4 10 7 13 10 7 13 7 4 13 7 10 10 14 2 0 14 2 0 2 9 9 2 0 9 2 14 2 0 9 9 9 2 0 9 2 0 14 9 13 7 10 4 3 11 8 5 12 231 231 231 231 231 
4 4 7 4 7 4 7 4 7 4 7 4 4 7 4 7 4 4 2 9 14 2 9 14 2 10 7 10 4 7 4 10 4 7 13 4 14 0 2 14 14 2 0 14 2 14 14 2 0 14 2 0 2 14 2 0 14 2 0 14 2 0 2 14 2 0 14 2 0 14 2 0 2 14 2 0 14 2 0 14 2 0 2 14 2 0 14 2 0 14 2 0 2 14 2 0 14 2 14 2 9 0 2 14 9 2 0 14 2 0 2 14 2 0 14 2 0 14 2 0 14 2 0 9 9 2 14 2 9 14 2 9 14 2 9 14 0 14 2 14 9 9 9 9 9 14 0 9 10 10 10 7 10 13 7 10 2 0 14 14 2 0 9 2 0 9 9 9 0 9 0 2 14 14 2 14 9 0 14 0 2 0 14 2 0 2 0 2 0 2 0 2 0 2 14 0 2 0 14 2 0 14 2 0 2 14 2 0 14 2 0 14 2 0 10 7 10 7 4 7 4 13 7 13 4 10 13 4 13 7 10 4 13 0 0 2 9 0 2 14 2 0 14 2 0 14 2 0 7 10 4 13 13 13 13 10 7 4 14 2 0 9 3 11 8 5 12 231 231 231 231 231 
4 4 4 4 4 4 4 4 4 4 4 4 4 4 4 4 4 4 4 4 4 4 4 4 4 4 4 4 4 4 4 4 4 4 4 4 4 4 4 4 4 4 4 4 4 4 4 4 4 4 4 4 4 4 4 4 4 4 4 4 4 4 4 4 4 4 4 4 4 4 4 4 4 4 4 4 4 4 4 4 4 4 4 4 4 4 4 4 4 4 4 4 4 4 4 4 4 4 4 4 4 4 4 4 4 4 4 4 4 4 4 4 4 4 4 4 4 4 4 4 4 4 4 4 4 4 4 4 4 4 4 4 4 4 4 4 4 4 4 4 4 4 4 4 4 4 4 4 4 4 4 4 4 4 4 4 4 4 4 4 4 4 4 4 4 4 4 4 4 4 4 4 4 4 4 4 4 4 4 4 4 4 4 4 4 4 4 4 4 4 4 4 4 4 4 4 4 4 4 4 4 4 4 4 4 4 4 4 4 4 4 4 4 4 4 4 4 4 4 4 4 4 4 4 4 4 4 4 4 4 4 4 4 4 4 4 4 4 4 4 4 4 4 4 4 4 4 4 4 4 4 4 4 4 4 231 231 231 231 231 231 231 231 231 231 231 231 231 231 231 231 231 
4 4 4 4 4 4 4 4 4 8 14 9 14 9 14 9 14 9 14 9 14 10 7 10 13 10 4 4 7 13 10 4 7 13 10 13 7 4 13 10 10 13 10 7 10 4 4 4 4 4 13 7 10 7 10 7 13 4 7 10 4 7 13 10 7 10 13 7 10 13 7 10 13 7 10 13 10 7 13 7 10 13 7 10 13 7 4 4 4 4 4 7 10 13 7 10 13 7 10 13 7 10 13 7 10 4 4 7 10 4 4 7 10 4 7 4 13 10 10 7 13 10 10 7 4 13 4 7 10 7 4 10 7 4 10 4 10 4 7 13 7 4 10 4 4 4 4 7 10 4 4 10 13 10 7 13 4 7 10 13 7 10 13 7 10 13 7 10 13 10 2 2 9 2 9 0 2 14 0 2 14 2 0 9 4 4 4 10 4 10 13 7 4 10 7 13 7 10 13 7 4 13 7 4 13 4 10 13 10 4 7 14 7 4 13 4 7 4 13 10 7 13 4 4 4 4 4 13 4 13 10 7 10 13 7 10 13 4 7 4 10 7 13 7 10 7 10 7 13 13 10 7 13 7 10 13 7 4 0 2 14 9 3 11 1 8 5 12 231 231 231 231 
7 7 7 7 7 7 7 7 7 7 7 7 7 7 7 7 7 7 7 7 7 7 7 7 7 7 7 7 7 7 7 7 7 7 7 7 7 7 7 7 7 7 7 7 7 7 7 7 7 7 7 7 7 7 7 7 7 7 7 7 7 7 7 7 7 7 7 7 7 7 7 7 7 7 7 7 7 7 7 7 7 7 7 7 7 7 7 7 7 7 7 7 7 7 7 7 7 7 7 7 7 7 7 7 7 7 7 7 7 7 7 7 7 7 7 7 7 7 7 7 7 7 7 7 7 7 7 7 7 7 7 7 7 7 7 7 7 7 7 7 7 7 7 7 7 7 7 7 7 7 7 7 7 7 7 7 7 7 7 7 7 7 7 7 7 7 7 7 7 7 7 7 7 7 7 7 7 7 7 7 7 7 7 7 7 7 7 7 7 7 7 7 7 7 7 7 7 7 7 7 7 6 7 6 7 6 7 7 6 7 6 7 6 7 6 7 6 7 10 6 7 10 6 7 10 6 4 8 1 4 12 12 12 12 12 12 12 12 12 12 12 12 12 12 12 12 12 12 12 12 12 12 12 12 12 0 14 7 6 10 4 2 9 3 1 11 8 5 231 231 231 231 
7 7 7 7 7 7 7 7 7 7 7 7 7 7 7 7 7 7 7 7 7 7 7 7 7 7 7 7 7 7 7 7 7 7 7 7 7 1 1 1 1 1 1 1 1 1 1 1 1 1 1 1 1 1 7 7 7 1 1 1 1 1 1 7 15 7 1 1 1 1 1 1 8 5 2 14 9 2 9 14 2 0 14 14 2 0 14 0 14 2 0 15 4 6 4 7 7 6 15 7 6 15 7 6 4 15 6 4 15 4 4 4 4 4 15 7 4 6 7 15 6 7 7 6 15 7 6 15 7 15 6 4 4 4 15 4 4 15 7 6 15 7 15 6 4 15 7 6 15 7 15 6 4 15 7 6 15 7 14 2 0 14 14 9 2 0 9 0 2 9 14 14 2 14 2 6 6 7 7 4 4 4 4 4 15 7 4 4 4 15 7 4 15 7 4 4 4 15 7 15 4 4 15 7 4 9 2 9 0 2 0 14 9 6 15 7 6 7 15 4 7 15 6 4 7 6 4 15 7 0 0 2 0 14 9 4 9 14 0 0 2 14 9 9 9 9 9 2 0 9 9 2 0 2 14 2 0 9 7 6 15 4 11 3 1 8 5 12 231 231 231 231 
12 12 12 12 12 12 12 12 12 12 12 12 12 12 12 12 12 12 12 12 12 12 12 12 12 12 12 12 12 12 12 12 12 12 12 12 12 12 12 12 12 12 12 12 12 12 12 12 12 12 12 12 12 12 12 12 12 12 12 12 12 12 12 12 12 12 12 12 12 12 12 12 12 12 12 12 12 12 12 12 12 12 12 12 12 12 12 12 12 12 12 12 12 12 12 12 12 12 12 12 12 12 12 12 12 12 12 12 12 12 12 12 12 12 12 12 12 12 12 12 12 12 12 12 12 12 12 12 12 12 12 12 12 12 12 12 12 12 12 12 12 12 12 12 12 12 12 12 12 12 12 12 12 12 12 12 12 12 12 12 12 12 12 12 12 12 12 12 12 12 12 12 12 12 12 12 12 12 12 12 12 12 12 12 12 12 12 12 12 12 12 12 12 12 12 12 12 12 12 12 12 12 12 12 12 12 12 12 12 1 9 1 1 1 1 1 4 6 9 2 9 9 6 7 6 10 7 4 4 4 4 4 10 4 6 4 4 4 6 4 4 4 4 6 10 0 2 9 0 9 2 0 9 9 9 2 0 14 10 6 7 4 3 11 15 1 8 5 12 231 231 231 
11 9 14 9 9 14 9 9 14 9 9 15 15 9 14 0 2 14 9 0 14 10 10 4 6 10 14 2 0 2 9 0 2 14 2 0 14 2 0 2 9 0 2 14 2 0 0 14 2 14 0 2 9 0 2 14 2 0 0 14 2 0 14 6 7 4 9 2 0 14 0 2 14 0 2 9 0 2 14 9 9 2 0 2 2 14 9 9 2 0 10 0 0 9 2 0 14 2 0 14 2 0 14 0 4 6 7 4 6 4 7 4 6 4 7 4 6 4 6 7 10 6 4 4 10 7 6 14 14 9 9 9 0 9 14 0 2 0 2 14 7 14 2 0 14 2 14 0 2 0 14 0 9 9 9 9 9 0 2 14 0 6 6 10 4 4 4 4 4 10 6 10 7 10 4 4 10 7 6 4 10 10 7 7 6 10 6 7 0 2 2 0 14 0 2 14 2 0 14 2 0 14 2 0 14 2 0 14 2 0 14 2 0 14 2 0 14 2 0 14 2 0 14 2 0 14 2 0 14 2 0 14 2 0 14 2 0 14 2 0 14 2 0 14 2 0 9 9 2 0 14 0 2 0 14 0 2 9 10 6 7 4 11 3 15 1 8 5 12 231 231 231 
10 10 10 10 10 0 0 0 10 6 10 6 7 6 12 12 12 12 12 12 12 12 12 12 12 12 12 12 12 12 12 10 4 6 10 6 4 10 6 10 4 6 4 14 2 14 0 2 0 9 9 2 0 9 9 2 0 14 0 2 14 2 0 14 0 2 14 9 9 2 0 2 0 0 14 2 0 14 2 9 9 2 0 14 2 0 14 0 2 14 2 0 14 2 0 14 2 0 14 2 0 14 2 0 14 2 0 14 2 0 14 9 2 14 2 0 14 0 6 7 4 7 6 7 4 6 7 10 9 9 14 0 0 0 0 14 0 2 0 2 2 14 0 14 2 0 14 0 2 14 14 2 0 2 0 2 14 2 0 14 2 0 9 9 2 9 0 2 9 0 2 9 0 2 9 9 9 9 9 2 0 9 9 2 0 9 9 2 9 9 9 9 9 2 0 9 0 4 4 6 7 10 6 10 7 10 7 7 7 7 4 6 10 6 10 4 6 7 7 10 7 6 4 4 6 7 10 7 4 7 10 6 4 7 7 7 6 7 7 0 0 2 9 0 2 9 0 2 9 9 9 9 9 2 0 9 2 14 10 6 4 7 3 15 11 1 8 5 12 231 231 231 
8 8 8 8 8 8 9 9 9 9 9 8 8 8 8 8 8 8 8 8 8 8 8 8 8 8 8 8 8 8 8 8 8 8 8 8 8 8 8 8 8 8 8 8 8 8 8 8 8 8 8 8 8 8 8 8 9 2 9 15 15 0 2 14 14 2 14 0 14 2 0 14 0 2 14 2 0 14 0 2 0 14 0 2 14 2 0 14 2 0 14 2 0 14 2 0 14 2 0 14 2 0 14 2 0 14 2 0 14 2 0 14 2 0 14 2 0 14 2 0 14 2 0 14 2 0 14 2 0 14 2 0 14 2 0 14 2 0 14 2 0 14 2 0 14 2 0 14 9 9 9 2 0 14 0 2 0 9 2 9 0 14 9 0 14 0 2 9 13 13 10 6 13 10 13 10 6 13 13 10 6 13 4 6 13 6 4 13 4 10 4 4 4 4 0 2 14 9 9 9 9 9 0 2 14 2 14 0 2 0 2 9 0 2 14 14 2 14 0 2 0 14 2 14 0 2 0 14 2 14 14 2 14 0 2 0 14 2 0 14 4 4 6 13 4 6 4 10 6 10 13 10 4 13 4 6 13 10 2 9 0 14 3 15 11 1 5 8 12 231 231 231 
11 4 5 5 3 11 11 11 11 11 3 3 15 1 0 2 14 0 2 9 7 7 7 7 7 13 6 13 9 9 9 2 0 0 14 2 9 10 13 6 10 6 13 13 6 10 6 13 7 7 6 10 7 10 13 13 10 0 14 14 0 10 6 7 7 7 7 7 6 10 7 6 13 6 10 10 13 10 6 7 10 6 13 6 10 13 6 10 13 6 7 10 6 10 6 10 13 6 7 7 7 6 13 7 7 7 6 7 7 10 7 6 7 6 6 10 7 10 7 6 10 7 6 10 7 6 10 7 6 10 7 7 7 6 10 7 7 7 6 7 13 6 10 13 6 7 10 13 10 6 13 7 6 10 2 14 0 2 9 13 13 13 10 0 0 0 2 14 9 6 7 13 13 10 0 0 0 14 2 9 9 9 9 9 0 0 14 2 9 0 14 2 9 9 9 0 14 9 14 0 0 2 14 9 0 14 2 6 13 6 7 13 7 6 13 13 7 10 13 7 7 7 7 7 10 6 7 7 7 10 7 13 10 6 7 7 6 10 7 0 0 2 9 2 0 14 9 6 13 10 6 7 7 7 10 6 7 13 14 0 9 2 3 15 11 1 8 5 4 12 231 231 
10 6 13 6 10 13 6 10 13 6 10 13 10 7 6 7 7 0 0 0 0 2 14 9 9 9 0 9 9 9 0 9 2 9 14 0 6 6 10 13 7 7 7 10 10 3 3 3 3 3 3 6 7 0 2 14 9 2 0 9 0 9 2 0 14 9 9 9 9 9 2 0 9 9 2 0 9 9 2 0 9 9 2 0 9 9 2 9 0 2 14 9 9 2 9 2 0 9 9 2 0 14 2 0 14 2 0 14 0 2 14 2 0 14 2 0 9 9 2 0 9 9 2 9 2 0 14 9 6 7 13 7 6 7 7 7 7 13 7 6 7 7 6 7 10 7 7 10 14 14 2 14 0 2 0 14 9 9 9 9 9 9 0 2 0 14 0 9 9 2 9 14 2 9 14 9 14 2 9 14 9 9 9 9 2 9 14 14 2 0 14 0 2 14 2 0 14 2 0 14 2 0 14 2 0 14 2 0 14 2 0 14 2 0 14 2 0 14 2 0 14 2 0 14 2 0 14 2 0 14 2 0 14 2 0 14 2 0 14 2 0 14 2 0 14 2 0 14 2 0 14 2 0 14 2 0 14 9 10 6 13 7 3 15 11 1 8 5 4 12 231 231 
