0 0 0 3 2 1 0 3 2 1 0 3 2 1 0 3 2 1 231 231 
0 3 1 2 0 3 1 2 0 3 1 2 0 3 1 2 0 3 231 231 
0 2 1 3 0 2 1 3 0 2 1 3 0 2 1 3 0 2 231 231 
3 0 2 1 3 0 2 1 3 0 2 1 3 0 2 1 3 0 231 231 
3 1 2 0 3 1 2 0 3 1 2 0 3 1 2 0 3 1 231 231 
3 1 2 0 3 1 2 0 3 1 2 0 3 1 2 0 3 1 231 231 
0 3 1 2 0 3 1 2 0 3 1 2 0 3 1 2 0 3 231 231 
0 2 1 3 0 2 1 3 0 2 1 3 0 2 1 3 0 2 231 231 
0 3 1 2 0 3 1 2 0 3 1 2 0 3 1 2 0 3 231 231 
0 3 1 2 0 3 1 2 0 3 1 2 0 3 1 2 0 3 231 231 
0 3 1 2 0 3 1 2 0 3 1 2 0 3 1 2 0 3 231 231 
0 2 1 3 0 2 1 3 0 2 1 3 0 2 1 3 0 2 231 231 
0 3 1 2 0 3 1 2 0 3 1 2 0 3 1 2 0 3 231 231 
1 2 0 3 1 2 0 3 1 2 0 3 1 2 0 3 1 2 231 231 
0 2 1 3 0 2 1 3 0 2 1 3 0 2 1 3 0 2 231 231 
0 2 1 3 0 2 1 3 0 2 1 3 0 2 1 3 0 2 231 231 
0 3 1 2 0 3 1 2 0 3 1 2 0 3 1 2 0 3 231 231 
0 2 1 3 0 2 1 3 0 2 1 3 0 2 1 3 0 2 231 231 
0 3 1 2 0 3 1 2 0 3 1 2 0 3 1 2 0 3 231 231 
0 3 1 2 0 3 1 2 0 3 1 2 0 3 1 2 0 3 231 231 
0 2 1 3 0 2 1 3 0 2 1 3 0 2 1 3 0 2 231 231 
0 3 1 2 0 3 1 2 0 3 1 2 0 3 1 2 0 3 231 231 
0 3 1 2 0 3 1 2 0 3 1 2 0 3 1 2 0 3 231 231 
0 3 1 2 0 3 1 2 0 3 1 2 0 3 1 2 0 3 231 231 
0 3 1 2 0 3 1 2 0 3 1 2 0 3 1 2 0 3 231 231 
0 3 1 2 0 3 1 2 0 3 1 2 0 3 1 2 0 3 231 231 
1 2 0 3 1 2 0 3 1 2 0 3 1 2 0 3 1 2 231 231 
0 3 1 2 0 3 1 2 0 3 1 2 0 3 1 2 0 3 231 231 
0 3 1 2 0 3 1 2 0 3 1 2 0 3 1 2 0 3 231 231 
0 2 1 3 0 2 1 3 0 2 1 3 0 2 1 3 0 2 231 231 
