0 0 0 1 0 2 1 0 2 1 231 231 
1 0 2 1 0 2 1 0 2 1 231 231 
1 2 0 1 2 0 1 2 0 1 231 231 
1 0 2 1 0 2 1 0 2 1 231 231 
1 0 2 1 0 2 1 0 2 1 231 231 
1 0 2 1 0 2 1 0 2 1 231 231 
1 2 0 2 1 0 2 1 0 2 231 231 
1 0 2 1 0 2 1 0 2 1 231 231 
1 0 2 1 0 2 1 0 2 1 231 231 
1 0 2 1 0 2 1 0 2 1 231 231 
1 0 2 1 0 2 1 0 2 1 231 231 
1 0 2 1 0 2 1 0 2 1 231 231 
1 0 2 1 0 2 1 0 2 1 231 231 
1 0 2 1 0 2 1 0 2 1 231 231 
1 0 2 1 0 2 1 0 2 1 231 231 
1 0 2 1 0 2 1 0 2 1 231 231 
1 0 2 1 0 2 1 0 2 1 231 231 
1 0 2 1 0 2 1 0 2 1 231 231 
1 0 2 1 0 2 1 0 2 1 231 231 
1 0 2 1 0 2 1 0 2 1 231 231 
1 0 2 1 0 2 1 0 2 1 231 231 
1 0 2 1 0 2 1 0 2 1 231 231 
1 0 2 1 0 2 1 0 2 1 231 231 
1 0 2 1 0 2 1 0 2 1 231 231 
1 0 2 1 0 2 1 0 2 1 231 231 
1 0 2 1 0 2 1 0 2 1 231 231 
1 0 2 1 0 2 1 0 2 1 231 231 
1 0 2 1 0 2 1 0 2 1 231 231 
1 0 2 1 0 2 1 0 2 1 231 231 
1 0 2 1 0 2 1 0 2 1 231 231 
