n_threads 63
iterations 30 x 64
13 25 53 34 18 27 45 31 2 44 50 47 1 15 17 39 19 10 16 55 8 30 46 9 38 21 49 52 26 6 0 0 0 0 0 0 0 0 0 0 0 0 0 0 0 0 0 0 0 0 0 0 0 0 0 0 0 0 0 0 0 0 0 0 
55 7 27 37 23 20 4 43 2 41 39 58 10 34 29 1 21 53 32 15 17 25 26 62 35 18 8 14 16 59 57 54 19 51 38 46 0 24 13 50 36 0 0 0 0 0 0 0 0 0 0 0 0 0 0 0 0 0 0 0 0 0 0 0 
45 7 42 6 20 28 35 31 57 27 10 11 18 56 22 16 12 25 40 48 9 4 53 54 59 8 38 24 62 61 5 21 51 14 44 17 19 0 41 33 50 36 0 0 0 0 0 0 0 0 0 0 0 0 0 0 0 0 0 0 0 0 0 0 
10 41 3 58 27 12 57 60 7 44 16 4 47 61 35 37 26 25 33 32 48 42 31 56 18 34 51 28 23 22 40 2 6 29 59 19 49 15 53 14 13 20 17 38 50 36 21 0 0 0 0 0 0 0 0 0 0 0 0 0 0 0 0 0 
31 6 47 30 58 41 23 3 16 4 33 24 55 15 17 20 21 32 57 18 22 46 48 11 28 19 26 9 7 59 29 1 51 36 53 13 60 14 35 2 45 61 38 56 34 25 40 39 0 0 0 0 0 0 0 0 0 0 0 0 0 0 0 0 
37 9 21 27 58 43 23 47 31 34 25 12 42 46 5 54 17 26 55 51 18 20 11 50 16 1 33 29 28 2 35 6 48 56 14 59 3 19 62 8 32 53 38 13 22 45 60 36 4 0 10 0 0 0 0 0 0 0 0 0 0 0 0 0 
19 58 52 46 22 56 15 62 21 28 47 42 43 57 50 37 2 25 34 24 49 30 4 9 16 20 1 3 27 54 23 17 41 5 61 26 12 33 53 31 14 55 36 38 32 45 59 60 0 8 13 35 0 0 0 0 0 0 0 0 0 0 0 0 
20 26 2 28 11 56 4 16 51 33 47 42 18 58 41 32 30 55 6 48 17 3 1 61 13 27 62 40 23 25 8 36 52 37 14 10 53 39 60 46 29 24 19 38 50 9 45 59 34 54 5 0 0 0 0 0 0 0 0 0 0 0 0 0 
2 56 41 5 57 30 55 51 32 20 35 3 58 19 31 16 12 7 48 33 54 26 36 28 61 13 52 39 14 38 37 21 45 27 49 53 46 43 59 29 10 60 6 4 8 11 25 0 23 17 9 1 18 24 22 0 0 0 0 0 0 0 0 0 
56 41 20 61 15 51 27 40 17 62 50 31 49 30 2 33 39 26 44 32 54 55 25 52 3 1 12 6 48 47 11 23 37 8 43 45 0 28 22 38 53 46 59 9 24 18 7 13 29 14 4 21 36 10 5 0 0 0 0 0 0 0 0 0 
57 48 33 7 42 54 62 32 5 47 55 56 50 17 2 61 40 35 41 1 15 3 19 34 24 18 4 28 60 39 46 31 22 23 13 10 11 29 36 12 0 52 14 9 43 53 38 59 37 8 45 30 49 20 25 0 0 0 0 0 0 0 0 0 
61 41 6 62 34 31 35 5 32 47 17 21 54 58 20 30 15 48 39 51 7 1 60 40 3 50 19 10 0 24 28 37 29 59 2 23 9 46 56 14 44 45 4 8 18 38 22 52 49 53 11 13 16 36 43 0 0 0 0 0 0 0 0 0 
4 9 41 47 35 1 55 31 30 33 6 25 2 5 42 21 10 56 61 39 54 60 51 40 18 14 49 59 29 15 48 52 36 37 45 13 27 46 12 26 57 38 19 8 22 24 11 50 28 20 53 32 0 23 43 0 0 0 0 0 0 0 0 0 
3 51 57 58 55 60 41 26 31 6 56 5 50 12 40 30 23 21 19 27 39 54 20 15 18 7 16 33 8 44 1 43 49 11 38 32 37 13 62 46 42 59 4 14 10 36 45 22 29 9 52 34 25 53 28 2 0 24 0 0 0 0 0 0 
53 45 17 19 41 55 3 30 32 5 15 42 44 10 27 23 40 47 7 33 8 20 16 48 57 1 21 35 61 49 12 62 59 37 39 9 24 38 22 26 56 34 60 36 18 13 28 2 54 31 29 46 4 52 14 25 43 0 11 0 0 0 0 0 
21 27 41 16 61 51 48 3 35 37 47 9 30 54 58 23 44 5 19 57 40 17 50 15 7 6 31 46 42 53 10 56 38 24 34 11 60 22 18 33 39 62 45 49 2 26 28 8 52 13 29 14 36 59 4 43 25 32 12 0 0 0 0 0 
2 16 40 35 47 9 32 1 55 56 19 53 60 45 10 44 41 61 33 51 6 3 52 58 15 29 7 28 49 4 39 26 50 38 21 20 22 59 62 11 5 8 37 43 34 17 24 14 12 18 13 46 54 36 48 25 0 42 31 0 0 0 0 0 
27 21 31 51 47 15 58 35 57 42 10 41 48 1 7 33 9 61 17 40 32 16 55 5 23 20 53 2 56 39 52 44 38 26 14 36 24 60 13 46 59 25 62 28 45 49 12 29 22 4 34 8 18 11 37 50 0 3 43 0 0 0 0 0 
11 47 9 58 16 42 55 51 54 56 21 3 5 10 31 30 27 15 20 57 32 1 61 50 23 52 48 19 60 39 17 22 34 2 46 26 25 7 37 4 49 18 12 59 43 13 29 6 28 36 38 14 35 24 53 45 44 8 62 0 0 0 0 0 
20 17 55 42 59 19 30 57 21 9 43 51 16 14 48 1 5 54 15 13 47 3 11 33 44 6 56 32 10 41 40 34 31 22 23 35 52 36 37 46 18 28 53 60 8 29 24 45 25 62 38 4 0 12 26 7 49 39 2 0 0 0 0 0 
9 59 20 43 48 40 6 57 16 27 15 31 30 58 5 44 61 54 60 50 7 17 33 1 47 19 32 3 42 11 10 14 52 35 53 8 22 34 39 13 28 49 4 2 38 24 26 29 0 37 18 62 45 25 46 56 36 51 12 0 0 0 0 0 
12 10 15 3 21 59 44 16 42 58 55 19 7 61 47 2 11 56 20 46 23 26 32 1 43 24 17 53 54 8 25 48 6 50 45 35 31 33 34 18 41 52 51 36 28 39 13 29 22 62 38 4 60 14 49 37 27 0 40 0 0 0 0 0 
4 18 59 40 9 15 10 1 17 32 55 20 42 51 30 47 56 29 35 11 54 57 28 19 22 31 41 27 6 43 5 62 14 13 16 36 12 7 34 33 37 58 25 46 53 2 50 21 38 39 23 8 60 52 0 24 45 49 26 0 0 0 0 0 
1 32 44 56 55 42 33 3 40 43 58 37 15 46 10 7 35 59 20 16 34 54 41 25 27 30 47 57 61 12 50 22 51 5 38 11 52 8 29 60 13 62 6 19 28 36 18 39 24 17 2 26 4 49 14 53 0 21 45 0 0 0 0 0 
12 60 37 20 31 44 1 9 23 27 13 54 10 5 33 30 46 40 32 17 41 43 57 18 15 58 39 29 48 61 4 8 11 38 51 49 45 16 22 59 7 62 6 14 21 34 36 35 28 25 26 50 52 53 55 24 0 42 2 0 0 0 0 0 
9 23 37 46 19 27 48 42 12 61 51 7 54 10 41 40 11 3 35 59 32 15 20 1 30 55 16 56 60 17 21 39 13 33 36 49 43 50 52 57 25 34 45 53 62 18 2 28 6 4 8 38 29 14 22 26 0 24 31 0 0 0 0 0 
59 61 20 3 33 35 5 44 47 41 27 54 1 15 55 23 30 9 11 17 7 31 16 58 34 6 36 43 8 62 38 37 32 60 53 24 21 10 52 26 19 25 22 56 29 39 2 45 4 28 46 14 49 0 50 57 42 18 13 0 0 0 0 0 
44 20 5 3 55 51 23 27 47 59 61 9 1 40 58 17 57 38 32 16 31 15 11 42 21 10 35 34 46 56 53 8 60 62 12 6 49 18 14 26 4 33 25 37 45 29 24 41 2 39 22 52 50 28 19 13 36 0 7 0 0 0 0 0 
14 1 19 35 23 59 51 54 57 40 32 21 56 44 15 16 41 17 9 55 7 33 47 5 61 27 52 20 42 37 39 10 58 60 24 12 49 36 50 31 22 13 62 2 6 28 34 29 25 26 53 4 38 18 8 0 45 11 46 0 0 0 0 0 
19 58 31 7 1 21 30 5 3 47 55 56 32 20 61 9 15 16 6 2 48 22 40 43 23 41 26 44 34 49 17 42 33 51 50 27 11 39 18 52 57 38 60 8 37 62 45 24 14 28 29 46 53 25 36 10 4 13 12 0 0 0 0 0 
