n_threads 32
iterations 60 x 64
3 11 4 5 14 6 8 13 3 11 4 5 14 6 8 13 3 11 4 5 14 6 8 13 3 11 4 5 14 6 8 13 3 11 4 18 15 25 5 14 6 8 2 0 17 0 0 0 0 0 0 0 0 0 0 0 0 0 0 0 0 0 0 0 
9 3 14 16 7 18 10 6 21 15 24 19 30 9 3 14 16 7 18 10 6 21 15 24 19 30 9 3 14 16 7 18 10 6 21 15 24 19 30 9 3 5 14 16 7 0 0 0 0 0 0 0 0 0 0 0 0 0 0 0 0 0 0 0 
15 30 8 14 11 6 27 21 19 23 18 17 22 15 30 8 14 11 6 27 21 19 23 18 17 22 15 30 8 14 11 6 27 21 19 23 31 18 17 22 15 30 8 14 11 0 0 0 0 0 0 0 0 0 0 0 0 0 0 0 0 0 0 0 
9 27 30 1 28 25 12 17 7 16 18 15 10 9 27 30 1 28 25 12 17 7 16 18 15 10 9 27 30 1 28 25 12 17 7 16 18 15 10 9 27 30 1 28 0 0 0 0 0 0 0 0 0 0 0 0 0 0 0 0 0 0 0 0 
10 17 22 7 20 6 25 15 12 27 1 28 19 10 17 22 7 20 6 25 15 12 27 1 28 19 10 17 22 7 20 6 25 15 12 27 1 28 19 10 17 22 4 7 11 18 20 0 0 0 0 0 0 0 0 0 0 0 0 0 0 0 0 0 
16 17 7 1 25 23 28 20 15 24 12 18 13 16 17 7 1 25 23 28 20 15 24 12 18 13 16 17 7 1 25 23 28 20 15 24 12 18 13 16 17 8 6 7 1 25 0 0 0 0 0 0 0 0 0 0 0 0 0 0 0 0 0 0 
19 20 16 22 28 7 15 24 11 12 27 18 13 19 20 16 22 28 7 15 24 11 12 27 18 13 19 20 16 22 28 7 15 24 11 12 27 18 13 19 20 16 22 28 0 0 0 0 0 0 0 0 0 0 0 0 0 0 0 0 0 0 0 0 
13 1 8 7 0 12 15 16 21 24 18 28 23 13 1 8 7 0 12 15 16 21 24 18 28 23 13 1 8 7 0 12 15 16 21 24 18 28 23 13 1 8 7 0 0 0 0 0 0 0 0 0 0 0 0 0 0 0 0 0 0 0 0 0 
2 11 28 1 18 22 20 16 15 8 3 29 21 24 5 2 11 28 1 18 22 20 16 15 8 3 29 21 24 5 2 11 28 25 1 18 22 20 12 13 16 6 27 26 15 8 19 30 9 7 23 3 0 10 29 24 5 21 17 14 4 2 0 0 
31 27 5 30 22 8 13 25 11 2 17 28 15 12 16 31 27 5 30 22 8 13 25 11 2 17 28 15 12 16 31 27 5 30 22 8 13 25 11 2 17 28 15 12 16 6 31 0 0 0 0 0 0 0 0 0 0 0 0 0 0 0 0 0 
20 5 25 22 30 1 24 13 28 21 15 0 11 9 10 20 5 25 22 30 1 24 13 28 21 15 0 11 9 10 20 5 25 22 30 1 24 13 28 21 15 0 11 9 10 20 0 0 0 0 0 0 0 0 0 0 0 0 0 0 0 0 0 0 
19 5 17 30 27 13 1 25 15 2 31 11 22 16 10 19 5 17 30 27 13 1 25 15 2 31 11 22 16 10 19 5 17 30 27 13 1 25 15 2 31 11 12 6 22 16 10 19 0 0 0 0 0 0 0 0 0 0 0 0 0 0 0 0 
25 5 1 13 17 4 20 31 21 22 11 10 18 0 3 25 5 1 13 17 4 20 31 21 22 11 10 18 0 3 25 5 1 13 17 4 20 31 21 22 11 10 18 0 3 7 25 0 0 0 0 0 0 0 0 0 0 0 0 0 0 0 0 0 
1 4 5 10 8 21 16 17 13 25 22 2 31 11 6 1 4 5 10 8 21 16 17 13 25 22 2 31 11 6 1 4 5 10 8 21 16 17 13 25 22 2 31 11 24 9 29 6 1 0 0 0 0 0 0 0 0 0 0 0 0 0 0 0 
10 11 16 20 27 21 5 25 30 13 22 31 2 12 3 10 11 16 20 27 21 5 25 30 13 22 31 2 12 3 10 11 16 20 27 21 5 25 30 13 22 31 2 12 3 10 0 0 0 0 0 0 0 0 0 0 0 0 0 0 0 0 0 0 
11 16 1 18 27 20 21 13 8 17 4 22 31 0 3 11 16 1 18 27 20 21 13 8 17 4 22 31 0 3 11 16 1 18 27 20 21 13 8 17 4 22 31 0 3 11 0 0 0 0 0 0 0 0 0 0 0 0 0 0 0 0 0 0 
18 16 5 20 21 25 1 27 30 13 26 31 22 0 6 18 16 5 20 21 25 1 27 30 13 26 31 22 0 6 18 16 5 20 21 25 1 27 30 13 26 31 22 0 6 23 18 0 0 0 0 0 0 0 0 0 0 0 0 0 0 0 0 0 
11 10 16 17 25 21 29 13 24 2 20 9 5 22 28 11 10 16 17 25 21 29 13 24 2 20 9 5 22 28 11 10 16 17 25 21 29 13 24 2 20 9 5 22 28 11 0 0 0 0 0 0 0 0 0 0 0 0 0 0 0 0 0 0 
19 29 1 20 10 27 25 30 18 17 2 23 13 0 3 19 29 1 20 10 27 25 30 18 17 2 23 13 0 3 19 29 1 20 10 27 25 30 18 17 2 23 13 0 3 19 0 0 0 0 0 0 0 0 0 0 0 0 0 0 0 0 0 0 
20 29 10 1 16 27 17 24 9 22 30 2 23 7 28 20 29 10 1 16 27 17 24 9 22 30 2 23 7 28 20 29 10 1 16 27 17 24 9 22 30 2 23 7 28 20 0 0 0 0 0 0 0 0 0 0 0 0 0 0 0 0 0 0 
20 29 12 17 21 11 31 16 9 27 22 25 0 10 14 20 29 12 17 21 11 31 16 9 27 22 25 0 10 14 20 29 12 17 21 11 31 16 9 27 22 25 0 10 14 20 0 0 0 0 0 0 0 0 0 0 0 0 0 0 0 0 0 0 
29 8 7 26 16 27 30 31 17 22 18 13 4 2 3 29 8 7 26 16 27 30 31 17 22 18 13 4 2 3 29 8 7 26 16 27 30 31 17 22 18 13 4 2 3 29 0 0 0 0 0 0 0 0 0 0 0 0 0 0 0 0 0 0 
11 26 3 5 24 30 31 25 23 22 21 12 16 15 2 11 26 3 5 24 30 31 25 23 22 21 12 16 15 2 11 26 3 5 24 30 31 25 23 22 21 6 12 16 7 15 2 11 0 0 0 0 0 0 0 0 0 0 0 0 0 0 0 0 
31 5 29 17 19 4 30 0 26 22 24 18 3 16 23 31 5 29 17 19 4 30 0 26 22 24 18 3 16 23 31 5 29 17 19 4 30 0 8 26 22 24 18 3 16 23 31 0 0 0 0 0 0 0 0 0 0 0 0 0 0 0 0 0 
9 12 19 11 4 22 25 17 0 29 10 21 18 15 28 9 12 19 11 4 22 25 17 0 29 10 21 18 15 28 9 12 19 11 4 22 25 17 0 29 10 21 18 15 28 9 0 0 0 0 0 0 0 0 0 0 0 0 0 0 0 0 0 0 
2 20 16 22 4 24 11 17 19 26 18 3 9 21 28 2 20 16 22 4 24 11 17 19 26 18 3 9 21 28 2 20 16 22 4 24 11 17 19 26 18 3 9 21 28 2 0 0 0 0 0 0 0 0 0 0 0 0 0 0 0 0 0 0 
7 5 12 27 17 11 1 15 22 14 0 16 3 21 23 7 5 12 27 17 11 1 15 22 14 0 16 3 21 23 7 5 12 27 17 11 1 15 22 14 0 16 3 21 23 7 0 0 0 0 0 0 0 0 0 0 0 0 0 0 0 0 0 0 
1 17 11 2 18 24 27 26 22 15 19 5 30 3 28 1 17 11 2 18 24 27 26 22 15 19 5 30 3 28 1 17 11 2 18 24 27 26 22 15 19 5 30 3 28 1 0 0 0 0 0 0 0 0 0 0 0 0 0 0 0 0 0 0 
17 11 18 12 16 2 29 24 22 25 28 21 5 10 1 17 11 18 12 16 2 29 24 22 25 28 21 5 10 1 17 11 18 12 16 2 29 24 22 25 28 21 5 10 1 17 0 0 0 0 0 0 0 0 0 0 0 0 0 0 0 0 0 0 
12 18 2 16 21 22 11 26 24 6 19 4 30 3 1 12 18 2 16 21 22 11 26 24 6 19 4 30 3 1 12 18 2 16 21 22 11 26 24 6 19 4 30 3 1 12 0 0 0 0 0 0 0 0 0 0 0 0 0 0 0 0 0 0 
29 20 26 18 2 15 21 19 17 24 28 0 27 10 1 29 20 26 18 2 15 21 19 17 24 28 0 27 10 1 29 20 26 18 2 15 21 19 17 24 28 0 27 10 1 29 0 0 0 0 0 0 0 0 0 0 0 0 0 0 0 0 0 0 
29 10 21 20 1 25 17 7 13 26 2 9 16 18 27 29 10 21 20 1 25 17 7 13 26 2 9 16 18 27 29 10 21 31 20 1 25 17 7 13 26 2 9 16 18 0 27 29 0 0 0 0 0 0 0 0 0 0 0 0 0 0 0 0 
11 19 28 27 5 31 24 3 6 9 14 22 16 4 15 11 19 28 27 5 31 24 3 6 9 14 22 16 4 15 11 19 28 27 5 31 24 3 6 9 14 22 16 4 15 23 11 0 0 0 0 0 0 0 0 0 0 0 0 0 0 0 0 0 
24 6 28 18 3 27 9 13 8 12 14 11 22 4 5 24 6 28 18 3 27 9 13 8 12 14 11 22 4 5 24 6 28 18 3 27 9 13 8 12 14 11 22 4 5 24 0 0 0 0 0 0 0 0 0 0 0 0 0 0 0 0 0 0 
6 19 18 28 2 1 11 27 3 8 22 24 21 4 5 6 19 18 28 2 1 11 27 3 8 22 24 21 4 5 6 19 18 28 2 1 11 27 3 8 26 22 24 21 4 25 5 14 9 6 0 0 0 0 0 0 0 0 0 0 0 0 0 0 
18 11 2 3 12 28 24 31 27 23 30 19 6 5 4 18 11 2 3 12 28 24 31 27 23 30 19 6 5 4 18 11 2 3 12 28 24 31 27 23 30 19 6 16 5 21 4 26 18 0 0 0 0 0 0 0 0 0 0 0 0 0 0 0 
12 25 11 28 24 31 2 22 30 3 16 19 17 6 5 12 25 11 28 24 31 2 22 30 3 16 19 17 6 5 12 25 11 28 24 31 2 22 30 3 16 9 19 17 7 6 5 29 12 0 0 0 0 0 0 0 0 0 0 0 0 0 0 0 
18 22 11 6 8 19 25 13 24 16 28 30 2 14 5 18 22 11 6 8 19 25 13 24 16 28 30 2 14 5 18 22 11 6 8 19 25 13 24 16 28 30 2 14 5 18 0 0 0 0 0 0 0 0 0 0 0 0 0 0 0 0 0 0 
6 8 16 25 3 31 11 30 22 12 4 13 21 23 15 6 8 16 25 3 11 30 22 12 4 28 13 21 23 15 6 8 16 25 3 11 30 22 12 4 28 31 13 21 23 15 6 0 0 0 0 0 0 0 0 0 0 0 0 0 0 0 0 0 
25 14 8 16 26 3 28 24 11 9 22 31 30 19 5 25 14 8 16 26 3 28 24 11 9 22 31 30 19 5 25 14 8 16 26 3 28 24 11 9 22 31 30 19 20 5 25 0 0 0 0 0 0 0 0 0 0 0 0 0 0 0 0 0 
16 17 12 18 6 29 24 1 14 21 22 28 2 19 15 16 17 12 18 6 29 24 1 14 21 22 28 2 19 15 16 17 12 18 6 29 24 1 14 21 22 28 2 26 19 15 16 0 0 0 0 0 0 0 0 0 0 0 0 0 0 0 0 0 
12 17 18 4 20 27 29 24 3 13 22 31 6 23 10 12 17 18 4 20 27 29 24 3 13 22 31 6 23 10 12 17 18 4 20 27 29 24 3 13 22 31 6 23 10 12 0 0 0 0 0 0 0 0 0 0 0 0 0 0 0 0 0 0 
16 17 29 3 8 11 14 1 20 28 27 9 21 22 5 16 17 29 3 8 11 14 1 20 28 27 9 21 22 5 16 17 29 3 8 11 14 1 20 28 27 9 21 22 5 16 0 0 0 0 0 0 0 0 0 0 0 0 0 0 0 0 0 0 
3 17 19 8 18 30 29 13 24 1 9 27 6 2 0 3 17 19 8 18 30 29 13 24 1 9 27 6 2 0 3 17 19 8 18 30 29 13 24 1 9 27 6 11 2 0 3 0 0 0 0 0 0 0 0 0 0 0 0 0 0 0 0 0 
19 7 31 29 13 21 30 4 24 18 23 16 9 26 10 19 7 31 29 13 21 30 4 24 18 23 16 9 26 10 19 7 31 29 13 21 30 4 24 18 23 16 9 26 10 19 0 0 0 0 0 0 0 0 0 0 0 0 0 0 0 0 0 0 
11 30 29 28 3 21 18 31 4 12 25 23 2 7 5 11 30 29 28 3 21 18 31 4 12 25 23 2 7 5 11 30 29 28 3 21 18 31 4 12 25 23 2 7 5 11 0 0 0 0 0 0 0 0 0 0 0 0 0 0 0 0 0 0 
7 6 16 3 17 8 28 22 1 24 14 9 27 29 0 7 6 16 3 17 8 28 22 1 24 14 9 27 29 0 7 6 16 3 17 8 28 22 1 24 14 9 27 29 0 7 0 0 0 0 0 0 0 0 0 0 0 0 0 0 0 0 0 0 
2 8 12 16 17 3 4 6 22 24 31 21 28 29 10 2 8 12 16 17 3 4 6 22 24 31 21 28 29 10 2 8 12 16 17 3 4 6 22 24 31 21 28 29 10 2 0 0 0 0 0 0 0 0 0 0 0 0 0 0 0 0 0 0 
16 19 9 18 8 6 13 26 30 17 24 31 25 2 5 16 19 9 18 8 6 13 26 30 17 24 31 25 2 5 16 19 9 18 8 6 13 26 30 17 24 31 25 2 5 16 0 0 0 0 0 0 0 0 0 0 0 0 0 0 0 0 0 0 
20 19 9 6 13 24 18 28 29 21 3 4 30 22 0 20 19 9 6 13 24 18 28 29 21 3 4 30 22 0 20 19 9 6 13 24 18 28 29 21 3 4 30 22 0 20 0 0 0 0 0 0 0 0 0 0 0 0 0 0 0 0 0 0 
9 2 6 16 27 25 26 19 18 4 1 13 14 20 0 9 2 6 16 27 25 26 19 18 4 1 13 14 20 0 9 2 6 16 27 25 26 19 18 4 1 13 14 20 0 9 0 0 0 0 0 0 0 0 0 0 0 0 0 0 0 0 0 0 
16 6 7 22 19 18 21 11 27 28 1 4 17 2 10 16 6 7 22 19 18 21 11 27 28 1 4 17 2 10 16 6 7 22 19 18 21 11 27 28 1 4 17 2 10 16 0 0 0 0 0 0 0 0 0 0 0 0 0 0 0 0 0 0 
29 7 22 11 12 9 25 18 21 28 4 13 30 3 15 29 7 22 11 12 9 25 18 21 28 4 13 30 3 15 29 7 22 11 12 9 25 18 21 28 4 13 30 3 15 29 0 0 0 0 0 0 0 0 0 0 0 0 0 0 0 0 0 0 
8 16 14 26 18 25 22 11 2 12 27 1 28 4 5 8 16 14 26 18 25 22 11 2 12 27 1 28 4 5 8 16 14 26 18 25 22 11 2 12 27 1 28 4 5 8 0 0 0 0 0 0 0 0 0 0 0 0 0 0 0 0 0 0 
22 26 17 25 3 24 12 29 19 21 1 13 23 16 10 22 26 17 25 3 24 12 29 19 21 1 13 23 16 10 22 26 17 25 3 24 12 29 19 21 1 13 23 16 10 22 0 0 0 0 0 0 0 0 0 0 0 0 0 0 0 0 0 0 
12 25 26 8 18 22 3 14 11 17 27 1 23 31 5 12 25 26 8 18 22 3 14 11 17 27 1 23 31 5 12 25 26 8 18 22 3 14 11 17 27 1 23 31 5 12 0 0 0 0 0 0 0 0 0 0 0 0 0 0 0 0 0 0 
22 26 7 8 14 18 6 16 21 9 1 25 24 28 15 22 26 7 8 14 18 6 16 21 9 1 25 24 28 15 22 26 7 8 14 18 6 16 21 9 1 25 24 28 15 22 0 0 0 0 0 0 0 0 0 0 0 0 0 0 0 0 0 0 
27 12 26 7 29 21 3 2 18 1 9 14 4 13 10 27 12 26 7 29 21 3 2 18 1 9 14 4 13 10 27 12 26 7 29 21 3 2 18 1 9 14 4 13 10 27 0 0 0 0 0 0 0 0 0 0 0 0 0 0 0 0 0 0 
26 8 23 11 14 25 3 18 24 2 1 21 28 12 0 26 8 23 11 14 25 3 18 24 2 1 21 28 12 0 26 8 23 11 14 25 3 18 24 2 1 21 28 12 0 26 0 0 0 0 0 0 0 0 0 0 0 0 0 0 0 0 0 0 
14 17 11 29 31 3 23 19 8 18 25 13 9 21 5 14 17 11 29 31 3 23 19 8 18 25 13 9 21 5 14 17 11 29 31 3 23 19 8 18 25 13 9 21 5 14 0 0 0 0 0 0 0 0 0 0 0 0 0 0 0 0 0 0 
