5 11 3 12 7 9 3 12 4 11 3 12 7 9 6 12 7 11 6 12 7 10 6 12 7 11 6 12 7 10 6 12 7 11 6 12 7 10 6 12 7 11 6 12 7 10 6 12 7 11 6 12 7 10 6 12 7 11 6 12 7 10 6 12 7 11 6 12 7 10 6 12 7 11 6 12 7 10 6 12 7 11 6 12 7 10 6 12 7 11 6 12 7 10 6 12 7 11 6 12 7 10 6 12 7 11 6 12 7 10 6 12 7 11 6 12 7 10 6 12 7 11 6 12 7 10 6 12 7 11 6 12 7 10 12 6 11 7 12 6 10 7 12 6 11 7 12 6 10 7 12 6 11 7 12 6 10 7 12 6 11 7 12 6 10 12 7 11 6 12 7 10 8 9 0 2 1 3 4 5 231 231 
5 10 3 12 7 8 12 1 11 4 12 2 9 6 12 0 10 5 3 12 7 8 1 12 4 11 2 12 6 9 0 12 5 10 3 12 7 8 1 12 4 11 2 12 6 9 0 12 5 10 3 12 7 8 1 12 4 11 2 12 6 9 0 12 5 10 3 12 8 1 12 4 11 2 12 6 9 0 12 5 10 3 12 8 1 12 4 11 2 12 6 9 0 12 5 10 3 12 7 8 1 12 4 11 2 12 6 9 0 12 5 10 3 12 7 8 1 12 4 11 2 12 6 9 0 12 5 10 3 12 7 8 1 12 4 11 2 12 6 9 0 12 5 10 3 12 7 8 1 12 4 11 2 12 6 9 0 12 5 10 3 7 12 1 8 4 12 2 11 12 6 9 0 10 5 8 3 7 1 4 231 231 
10 1 12 6 8 3 12 4 11 0 12 7 9 2 12 5 6 10 12 1 8 4 12 3 11 7 12 0 9 5 12 2 10 6 12 8 4 12 3 11 7 12 0 9 5 12 2 10 6 12 1 8 4 11 3 12 7 9 5 0 12 6 10 2 12 4 8 1 12 7 11 3 12 5 9 0 12 6 10 2 12 4 8 1 12 7 11 3 12 5 9 0 12 6 10 2 12 4 8 1 12 7 11 3 12 5 9 0 12 6 10 2 12 4 8 1 12 7 11 3 12 5 9 0 12 6 10 2 12 4 8 1 12 7 11 3 12 5 9 0 12 6 10 2 12 4 8 1 12 7 11 3 12 5 9 0 12 6 10 2 12 4 8 1 12 7 11 3 12 5 9 0 10 6 8 2 11 4 1 7 231 231 
2 12 5 8 1 12 7 10 3 12 4 9 0 12 6 11 2 12 5 8 1 12 7 10 3 12 4 9 0 12 6 11 2 12 5 8 1 12 7 10 3 9 4 12 0 11 6 12 2 8 5 12 1 10 7 12 3 9 4 12 0 11 6 12 2 8 5 12 1 10 7 12 3 9 4 12 0 11 6 12 2 8 5 12 1 10 7 12 3 9 4 12 0 11 6 12 2 8 5 12 1 10 7 12 3 9 4 12 0 11 6 12 2 8 5 12 1 10 7 12 3 9 4 12 0 11 6 12 1 2 8 5 12 0 10 7 3 12 9 4 12 1 6 11 2 12 5 8 0 12 7 10 3 12 4 9 1 12 6 11 2 12 5 8 0 12 7 10 3 12 4 9 1 11 6 8 2 5 0 7 231 231 
3 10 4 12 0 9 7 12 2 11 5 12 1 8 6 12 3 0 10 4 12 2 7 9 1 12 5 11 3 12 6 8 0 12 4 10 2 12 7 9 1 12 5 11 3 12 6 8 0 12 4 10 2 12 7 9 1 12 5 11 3 12 6 8 0 12 7 10 2 12 5 9 1 3 12 6 11 2 12 4 8 0 12 7 10 3 12 5 9 1 12 6 11 2 12 4 8 0 12 7 10 3 5 9 1 12 6 11 2 4 8 0 12 7 10 3 12 5 9 1 12 6 11 2 12 4 8 0 12 7 10 3 12 5 9 1 12 6 11 2 12 4 8 0 7 11 1 12 6 9 2 12 7 10 3 12 4 8 1 12 6 11 2 12 5 0 9 7 12 3 10 4 8 11 1 9 6 5 2 0 231 231 
3 12 7 8 1 12 5 10 2 12 6 9 0 12 4 11 3 12 7 8 1 12 5 10 2 12 6 9 0 12 4 11 3 12 7 8 1 12 5 10 6 2 12 4 9 0 12 7 11 3 1 12 5 8 2 10 6 12 0 9 4 12 3 11 7 12 1 8 5 12 2 10 6 12 0 9 4 12 3 11 7 12 1 8 5 12 2 10 6 12 0 9 4 12 3 11 7 12 1 8 5 12 2 10 6 12 0 9 4 12 3 11 7 12 1 8 5 12 2 10 6 12 0 9 4 12 3 11 7 12 1 8 5 12 2 10 6 12 0 9 4 12 3 11 5 12 1 8 6 12 2 10 4 12 0 9 7 3 12 1 5 11 2 12 6 0 8 12 4 10 3 9 7 11 1 5 0 6 231 231 231 231 
3 9 6 12 1 10 4 12 2 8 7 12 0 11 5 12 3 9 6 12 1 10 4 2 8 7 11 0 12 5 9 3 12 6 10 1 12 4 8 2 12 7 11 0 12 5 9 3 12 1 6 10 2 12 4 8 0 12 7 11 3 12 5 9 1 12 6 10 2 12 4 8 0 12 7 11 3 12 5 9 1 12 6 10 2 12 4 8 0 12 7 11 3 12 5 6 9 1 4 10 2 12 7 8 0 12 5 11 3 12 6 9 12 1 4 10 2 12 7 8 0 12 5 11 3 12 6 9 1 4 10 2 12 7 12 0 11 5 12 3 10 9 6 12 1 11 12 4 8 0 12 7 10 2 12 5 6 9 1 11 4 12 3 8 7 12 0 10 5 12 2 9 6 11 1 8 4 3 7 0 231 231 
9 0 12 6 10 3 12 5 8 1 12 7 11 2 12 4 9 0 12 6 10 3 12 5 8 1 12 7 11 2 12 4 9 0 12 6 10 3 12 5 8 1 12 7 11 2 12 4 9 0 12 6 10 3 1 12 5 8 2 12 7 11 0 12 4 9 3 12 6 10 1 12 5 8 2 12 7 11 0 12 4 9 3 12 6 10 1 12 5 8 2 12 7 11 0 12 4 9 3 12 6 10 1 12 5 8 2 12 7 11 0 12 4 9 3 12 6 10 1 12 5 8 2 12 7 11 0 12 4 9 3 12 6 10 1 12 5 8 2 12 7 11 0 12 4 9 3 12 6 10 1 12 5 8 2 12 7 11 0 12 4 9 3 12 6 10 1 12 5 8 2 11 7 9 0 10 3 4 1 6 231 231 
4 12 3 8 6 12 1 10 5 12 2 9 7 12 0 11 4 12 3 8 6 12 1 10 5 12 2 9 7 12 0 11 4 12 3 8 6 12 1 10 5 12 2 9 7 12 0 11 4 12 3 8 6 12 1 10 5 12 2 9 7 12 0 11 4 12 3 8 6 12 1 10 5 12 2 9 7 12 0 11 4 12 3 8 6 12 1 10 5 12 2 9 7 12 0 11 4 12 3 8 6 12 1 10 5 9 2 7 12 0 11 4 12 3 8 6 12 1 10 5 12 7 2 9 4 12 0 11 6 12 1 3 8 5 12 10 0 12 7 9 2 12 4 11 1 12 6 8 3 12 5 10 0 12 7 9 2 12 4 11 1 12 6 8 3 12 5 0 10 2 12 7 9 1 11 4 8 3 6 231 231 231 
10 3 12 5 8 0 12 6 11 2 12 4 9 1 12 7 10 3 12 5 8 0 12 6 11 2 12 4 9 1 12 7 10 3 12 5 0 8 2 12 6 11 1 12 4 9 3 12 7 10 0 12 5 8 2 12 6 1 12 11 4 9 3 12 7 10 5 0 12 6 2 8 4 12 1 11 7 12 0 9 5 12 2 10 6 12 1 8 4 12 3 11 7 12 0 9 5 12 2 10 6 12 1 8 4 12 3 11 7 12 0 9 5 12 2 10 6 12 1 8 4 12 3 11 7 12 0 9 5 12 2 10 6 12 1 8 12 4 11 3 12 7 9 0 12 5 10 2 12 6 8 1 12 4 11 3 12 7 9 0 12 5 10 2 12 6 8 1 12 4 11 3 9 7 10 0 8 5 2 6 231 231 
5 12 3 8 1 6 12 2 4 10 0 12 7 9 3 12 5 11 1 12 6 8 2 12 4 10 0 12 5 9 3 12 6 11 1 12 4 9 2 12 7 10 0 12 5 8 3 12 6 11 1 12 4 9 2 12 7 10 0 12 5 8 3 12 6 11 1 12 4 9 2 12 7 10 0 12 5 8 3 12 6 11 1 12 4 9 2 12 7 10 0 12 5 8 3 12 6 11 1 12 4 9 2 12 7 10 0 12 5 8 3 12 6 11 1 12 4 9 2 12 7 10 0 12 5 8 3 12 6 11 1 12 4 9 2 12 7 10 0 12 5 8 3 12 6 11 1 12 4 9 2 12 7 10 0 12 5 8 3 12 6 11 1 12 4 9 2 12 7 10 0 8 5 11 3 9 6 1 4 2 231 231 
11 2 12 5 8 1 12 3 10 4 12 0 9 7 12 2 11 5 12 1 8 6 12 3 10 4 12 0 9 7 12 2 11 5 12 1 8 6 12 3 10 0 4 12 2 9 7 11 1 12 5 8 3 12 6 10 0 12 4 9 2 12 7 11 1 12 5 8 3 12 6 10 0 12 4 9 2 12 7 11 1 12 5 8 3 12 6 10 0 12 4 9 2 12 7 11 1 12 5 8 3 12 6 10 0 12 4 9 2 12 7 8 11 1 12 5 9 3 6 10 0 8 4 12 2 11 7 12 1 9 5 12 3 10 6 12 0 8 4 12 2 11 7 12 1 3 9 5 12 0 10 6 12 2 8 4 12 1 7 11 5 3 12 6 9 0 12 4 10 2 12 7 8 1 11 5 9 3 6 0 231 231 
5 12 1 8 3 12 0 10 4 2 12 6 9 1 12 5 11 3 12 7 8 0 12 4 10 2 12 1 7 9 3 12 5 11 0 12 6 8 2 12 4 10 1 12 7 9 3 12 5 11 0 12 6 8 2 12 4 10 1 12 7 9 3 12 5 11 0 12 6 8 2 12 4 10 1 12 7 9 3 12 5 11 0 12 6 8 2 12 4 10 1 12 7 9 3 12 5 0 11 6 12 2 8 4 12 1 10 7 12 3 9 5 12 0 11 6 12 2 8 4 12 1 10 7 12 3 9 5 12 6 11 2 12 4 8 1 12 7 10 12 3 9 5 0 12 6 11 2 12 4 8 1 12 7 10 3 12 5 9 0 12 6 11 2 12 4 8 1 12 7 10 3 9 5 11 0 8 6 2 4 231 231 
11 2 12 5 8 1 12 10 3 9 0 12 2 11 7 12 1 8 5 12 3 10 6 12 0 9 4 12 2 11 7 12 1 8 5 12 3 10 6 12 0 9 4 12 2 11 7 12 1 8 5 12 3 10 6 12 0 9 4 12 2 11 7 12 1 3 8 5 12 2 10 6 0 12 4 9 3 12 7 11 1 12 5 8 2 12 6 10 0 12 4 9 3 12 7 11 1 12 5 8 2 12 6 10 0 12 4 9 3 12 7 11 1 12 5 8 2 12 6 0 10 4 12 3 11 7 12 1 5 8 6 2 12 4 10 0 12 7 9 3 12 5 11 1 12 2 6 8 0 12 4 10 3 12 7 9 1 12 5 11 2 12 6 8 0 12 4 10 3 12 5 9 1 11 6 8 2 4 0 7 231 231 
8 1 12 6 10 3 12 0 9 7 2 12 5 11 3 12 0 8 4 12 2 10 7 12 1 9 5 12 3 11 6 12 0 8 4 12 2 10 7 12 1 9 5 12 3 11 6 12 0 8 4 12 2 10 7 12 1 9 5 12 3 11 6 8 0 12 2 10 7 12 1 9 5 12 3 11 6 12 0 8 4 12 2 10 7 12 1 9 5 12 3 11 6 12 0 8 4 12 2 10 7 12 1 9 5 12 3 11 6 12 0 8 4 12 2 10 7 12 1 9 5 12 3 11 6 12 0 8 7 12 2 10 5 12 1 9 6 12 3 11 4 12 0 8 7 12 2 10 5 12 1 9 6 12 3 11 4 12 0 8 7 12 2 10 5 12 1 9 6 12 3 11 4 8 0 10 7 2 5 1 231 231 
4 12 3 8 6 12 0 10 5 12 2 9 7 12 1 4 11 3 12 6 8 0 12 5 10 2 12 7 9 1 12 4 11 3 12 6 8 0 12 5 10 2 12 7 9 1 12 4 11 3 12 6 8 0 12 5 10 2 12 7 9 1 12 4 11 3 12 6 8 0 12 5 10 2 12 7 9 1 12 4 11 3 12 6 8 0 12 5 10 2 12 7 9 1 12 4 11 3 12 6 8 0 12 5 10 2 12 7 9 1 12 4 11 3 12 6 8 0 12 5 10 2 12 7 9 1 12 4 11 3 12 6 8 0 12 5 10 2 12 7 9 1 12 4 11 3 12 6 8 0 12 5 10 2 12 7 9 1 12 4 11 3 12 6 8 0 12 5 10 2 12 7 9 11 1 8 4 3 6 0 231 231 
12 1 10 7 12 3 8 5 12 0 11 6 12 2 9 4 12 1 10 7 12 3 8 5 12 0 11 6 12 2 9 4 12 1 3 10 7 12 0 12 11 2 12 6 10 9 1 12 4 3 7 12 0 8 5 12 2 10 6 12 1 3 9 4 12 0 11 7 12 2 8 5 12 1 10 6 12 3 9 4 12 0 11 7 12 2 8 5 12 1 10 6 12 3 9 4 12 0 11 7 2 12 5 8 1 12 3 10 0 12 4 9 2 12 7 11 1 12 5 8 12 3 10 6 12 0 9 4 12 2 11 7 12 1 8 5 12 3 10 6 12 0 9 4 12 2 11 7 12 1 8 5 12 3 10 6 12 0 9 4 12 2 11 7 12 1 8 5 12 3 10 6 9 0 11 4 8 2 7 1 231 231 
6 8 1 12 5 10 3 12 7 9 0 12 4 11 2 12 6 8 1 12 5 10 3 12 7 9 0 12 4 11 2 12 6 8 1 12 5 10 3 12 7 9 0 12 4 11 2 12 6 8 1 12 5 10 3 12 7 9 0 12 4 11 2 12 6 8 1 12 5 10 3 12 7 9 0 12 4 11 2 12 6 8 1 12 5 10 3 12 7 9 0 12 4 11 2 12 6 8 1 12 5 10 3 12 7 9 0 12 4 11 2 12 6 8 1 12 5 10 3 12 7 9 0 12 4 11 2 12 6 8 1 12 5 10 3 12 7 9 0 12 4 11 2 12 6 8 1 12 5 10 3 12 7 9 0 12 4 11 2 12 6 8 1 12 5 10 3 12 7 9 0 11 4 8 2 10 6 1 5 3 231 231 
1 8 6 12 3 10 5 12 0 9 7 12 2 11 4 12 1 8 6 12 3 10 5 12 0 9 7 12 2 11 4 12 1 8 6 12 3 10 5 12 0 9 7 12 2 11 4 12 1 8 6 12 3 10 5 12 0 9 7 12 2 11 4 12 1 8 6 12 3 10 5 12 0 9 7 12 2 11 4 12 1 8 6 12 3 10 5 12 0 9 7 12 2 11 4 12 1 8 6 12 3 10 0 12 7 9 2 12 4 11 1 12 8 6 12 3 10 5 12 0 9 7 12 2 11 4 12 1 8 6 12 3 10 5 12 0 9 7 12 2 11 4 12 1 3 8 12 6 9 10 2 12 5 8 11 0 12 7 9 3 12 4 10 1 12 6 8 2 12 5 11 0 9 7 10 3 8 4 1 6 231 231 
5 12 1 8 6 12 3 11 4 12 0 9 7 12 2 10 5 12 1 8 6 12 0 11 4 12 2 10 9 7 1 12 5 11 3 12 6 10 8 4 0 12 2 11 7 12 1 3 9 5 12 2 10 6 12 0 8 4 12 3 11 7 12 1 9 2 12 6 10 0 12 4 8 3 12 7 9 11 1 12 5 8 2 12 6 0 10 4 12 3 9 7 12 5 8 11 2 12 6 9 0 12 4 10 1 12 7 8 2 12 5 11 0 12 6 10 9 3 12 4 11 1 12 7 8 2 12 5 10 0 12 6 9 3 12 4 11 1 12 7 8 2 12 5 10 0 12 6 9 3 12 4 11 1 12 7 8 2 12 5 10 0 12 6 9 3 12 4 11 1 12 8 7 10 5 2 9 0 6 3 231 231 
5 12 1 8 6 12 3 10 0 4 12 2 9 7 12 1 11 6 12 3 8 0 12 7 10 2 12 5 9 1 3 12 6 11 2 12 4 8 0 12 7 10 3 12 6 9 1 11 4 12 2 8 7 12 0 10 5 12 3 9 6 12 1 11 4 12 2 8 7 12 0 10 5 12 3 9 1 6 12 2 11 12 4 0 12 7 8 3 12 5 10 1 12 6 9 2 12 4 11 0 12 7 8 3 12 5 10 1 12 6 9 2 12 4 11 0 12 7 8 3 12 5 10 1 12 6 9 2 12 4 11 0 12 7 8 3 10 5 12 1 9 6 12 2 11 4 12 0 8 7 12 3 10 5 12 1 6 9 2 12 4 11 0 12 7 8 3 12 5 10 1 9 6 11 2 8 4 0 7 3 231 231 
11 1 12 6 8 3 12 5 10 0 12 7 9 2 12 4 11 1 12 6 8 3 12 5 10 0 12 7 9 2 12 4 11 1 12 8 6 12 3 10 5 12 0 9 7 12 2 11 4 12 1 3 8 6 12 2 10 5 12 0 9 7 12 3 11 4 12 1 6 8 2 12 5 10 0 12 7 9 3 12 4 11 1 12 6 8 2 12 5 10 0 12 7 9 3 12 4 11 1 12 6 8 2 12 5 10 0 12 7 9 3 12 4 11 1 12 6 8 5 2 12 0 7 12 3 9 4 12 1 11 6 12 2 8 5 12 0 10 7 12 3 9 4 12 1 6 11 2 12 5 8 0 12 7 10 3 12 4 9 1 12 6 11 2 12 5 8 0 12 7 10 3 9 4 11 1 8 6 2 5 231 231 
1 12 5 8 3 12 7 10 0 12 4 9 2 12 6 11 1 12 5 8 3 12 7 0 10 2 12 4 9 1 12 6 11 3 12 5 8 0 12 2 10 4 12 1 9 12 6 11 3 12 5 8 0 12 7 10 2 12 4 9 1 12 6 11 3 12 5 8 0 12 7 10 2 12 4 9 1 12 6 11 3 12 5 8 0 12 7 10 2 12 4 9 1 12 6 11 3 12 5 8 0 12 7 10 2 12 4 9 1 12 6 11 3 12 5 8 0 12 7 10 2 12 4 9 1 12 6 11 3 12 5 8 0 12 7 10 2 12 4 9 1 12 6 11 3 12 5 8 0 12 7 10 2 12 4 9 1 12 6 11 3 12 5 8 0 12 7 10 2 12 4 9 1 11 6 8 3 5 0 7 231 231 
2 11 6 12 0 9 5 12 1 3 10 7 12 2 8 4 12 0 11 6 12 3 9 5 12 1 10 7 12 2 8 4 12 0 11 6 12 3 9 5 12 7 10 2 12 4 8 0 12 6 11 3 12 5 9 1 12 7 10 2 12 4 8 0 12 9 11 3 12 5 7 8 1 12 10 4 12 2 9 6 12 0 11 12 5 8 3 12 7 10 1 12 4 9 2 12 6 11 0 12 5 8 3 12 7 10 1 12 4 9 2 12 6 11 0 12 5 8 3 12 7 10 1 12 4 9 2 12 6 11 0 12 5 7 8 12 3 10 4 12 1 6 9 2 12 5 11 0 12 7 8 3 12 4 10 1 12 6 9 2 12 5 11 0 12 7 3 8 1 4 12 2 10 6 9 0 11 5 3 231 231 231 
1 12 5 10 3 12 6 8 0 12 4 11 2 12 7 9 1 12 5 10 3 12 6 8 0 12 4 11 2 12 7 9 1 12 5 10 3 12 6 8 0 12 4 11 2 12 7 9 1 12 5 10 3 12 6 8 0 12 4 11 2 12 7 9 1 12 5 6 10 3 12 7 8 0 12 4 11 2 12 6 9 1 12 5 10 3 12 7 8 0 12 4 11 2 12 6 9 1 12 5 10 3 12 7 8 0 12 4 11 2 12 6 9 1 12 5 10 3 12 7 8 0 12 4 11 2 12 6 9 1 12 5 10 3 12 7 8 0 12 4 11 2 12 6 9 1 12 5 10 3 12 7 8 0 12 4 11 2 12 6 9 1 12 5 10 3 12 7 8 0 12 4 11 2 9 6 10 1 5 3 231 231 
9 12 5 10 1 12 6 8 3 12 4 11 0 12 7 9 2 12 5 10 1 12 6 8 3 12 4 11 0 12 7 9 2 12 5 10 1 12 6 8 3 12 4 11 0 12 7 9 2 12 5 10 1 12 6 8 3 12 4 11 0 12 7 9 2 12 5 6 10 1 12 8 4 11 3 12 7 9 0 12 5 10 2 12 6 8 1 12 4 11 3 12 7 9 0 12 5 10 2 12 6 8 1 12 4 11 3 12 7 9 0 12 5 10 2 12 6 8 1 12 4 11 3 12 7 9 0 12 5 10 2 6 12 8 1 12 4 11 3 12 7 9 0 12 5 10 2 12 6 8 1 12 4 11 3 12 7 9 0 12 5 10 2 12 6 8 1 12 4 11 3 9 7 10 0 8 5 2 6 1 231 231 
1 12 8 6 12 3 10 5 12 0 9 7 12 2 11 4 12 1 8 6 12 3 10 5 12 0 9 7 12 2 11 4 12 1 8 6 12 3 10 12 5 0 9 7 12 2 11 4 12 1 3 8 6 12 2 10 5 12 0 9 7 12 3 11 4 12 1 6 8 2 12 5 10 0 12 7 9 3 12 4 11 1 12 6 8 2 12 5 10 0 12 7 9 3 12 4 11 1 12 6 8 2 12 5 10 0 12 7 9 3 12 4 11 1 12 6 8 2 12 5 10 0 12 7 9 3 12 4 11 1 12 6 8 2 12 5 10 0 12 7 9 3 12 4 11 1 12 6 8 2 12 5 10 0 12 7 9 3 12 4 11 1 12 6 8 2 12 5 10 0 12 7 9 3 11 4 8 1 6 2 231 231 
2 8 5 12 1 10 7 12 3 9 4 12 0 11 6 12 2 8 5 12 1 10 7 12 3 9 4 12 0 11 6 12 2 8 5 12 1 10 7 12 3 9 4 12 0 11 6 12 2 8 5 12 1 10 7 12 3 9 4 12 0 11 6 12 2 8 5 12 1 10 7 12 3 9 4 12 0 11 6 12 2 8 5 12 1 10 7 12 3 9 4 12 0 11 6 12 2 8 5 12 1 10 7 12 3 9 4 12 0 11 6 12 2 8 5 12 1 10 7 12 3 9 4 12 0 11 6 12 2 8 5 12 1 10 3 7 12 0 9 4 12 2 11 6 12 1 8 5 12 3 10 7 12 0 9 4 12 2 11 6 12 1 8 5 12 3 10 7 12 0 9 4 11 2 8 6 10 1 5 3 231 231 
11 2 12 5 8 1 12 3 10 4 12 0 9 12 2 5 11 3 1 12 2 4 8 0 12 7 10 3 12 5 6 9 1 12 4 11 2 12 7 8 0 12 5 10 3 12 4 9 1 12 7 11 2 12 5 8 0 12 6 10 3 12 4 9 1 12 7 11 2 12 5 8 0 12 6 10 3 12 4 9 1 12 7 11 2 12 5 8 0 12 6 10 3 12 4 9 1 12 7 10 2 12 5 8 0 12 6 3 11 4 12 1 9 7 12 2 10 5 12 0 8 6 12 3 11 4 12 1 2 9 7 12 0 10 5 12 3 8 6 12 1 11 4 12 2 9 7 12 0 10 5 12 3 8 6 12 1 11 4 12 2 9 7 12 0 10 5 12 3 8 6 11 1 9 4 10 2 7 0 5 231 231 
5 12 3 8 6 12 1 11 4 12 2 9 7 12 0 10 5 12 6 8 2 12 4 11 0 12 7 9 3 12 5 10 1 12 6 8 2 4 12 0 11 7 12 3 9 5 12 1 2 10 6 12 8 0 12 4 11 3 12 7 9 1 12 5 10 2 12 6 8 0 12 4 11 3 12 7 9 1 12 5 10 6 2 12 8 4 0 11 7 12 3 9 5 12 1 10 6 12 2 8 4 12 0 11 7 12 3 9 5 12 1 10 6 12 2 8 4 12 0 11 7 12 3 9 5 12 1 10 6 12 2 8 4 12 0 11 7 12 3 9 5 12 1 10 2 12 4 8 0 12 7 11 3 12 5 6 9 1 12 4 10 2 12 7 8 0 12 5 3 11 1 12 6 2 9 4 10 7 8 231 231 231 
