4 7 0 7 3 7 0 6 2 7 0 6 3 7 0 6 2 7 0 6 3 7 0 6 2 7 0 6 3 7 0 6 2 7 0 6 3 7 0 6 2 7 0 6 3 7 0 6 2 7 0 6 3 7 0 6 2 7 0 6 3 7 0 6 2 7 3 4 5 231 231 231 
0 0 1 4 6 2 4 3 7 2 4 3 6 2 4 3 7 2 4 3 6 2 4 3 7 2 4 3 6 2 4 3 7 2 4 3 6 2 4 3 7 2 4 3 6 2 4 3 7 2 4 3 6 2 4 3 7 2 4 3 6 2 4 3 7 2 6 0 1 231 231 231 
0 0 1 0 7 1 5 0 6 1 4 0 7 1 5 0 6 1 4 0 7 1 5 0 6 1 4 0 7 1 5 0 6 1 4 0 7 1 5 0 6 1 4 0 7 1 5 0 6 1 4 0 7 1 5 0 6 1 4 0 7 1 5 0 6 1 7 231 231 231 231 231 
5 5 3 5 3 5 3 4 0 6 3 5 0 7 3 4 0 6 3 5 0 7 3 4 0 6 3 5 0 7 3 4 0 6 3 5 0 7 3 4 0 6 3 5 0 7 3 4 0 6 3 5 0 7 3 4 0 6 3 5 0 7 3 4 0 6 5 7 231 231 231 231 
6 2 6 2 5 3 6 1 4 2 7 1 5 3 6 1 4 2 7 1 5 3 6 1 4 2 7 1 5 3 6 1 4 2 7 1 5 3 6 1 4 2 7 1 5 3 6 1 4 2 7 1 5 3 6 1 4 2 7 1 5 3 6 1 4 2 7 3 5 231 231 231 
5 6 5 1 7 0 5 2 6 1 4 2 7 0 5 2 6 1 4 2 7 0 5 2 6 1 4 2 7 0 5 2 6 1 4 2 7 0 5 2 6 1 4 2 7 0 5 2 6 1 4 2 7 0 5 2 6 1 4 2 7 0 5 2 6 1 4 0 7 231 231 231 
3 3 5 0 7 2 4 0 6 3 5 0 7 2 4 0 6 3 5 0 7 2 4 0 6 3 5 0 7 2 4 0 6 3 5 0 7 2 4 0 6 3 5 0 7 2 4 0 6 3 5 0 7 2 4 0 6 3 5 0 7 2 4 0 6 3 5 2 7 231 231 231 
6 2 7 3 6 0 4 2 7 1 4 3 6 0 4 2 7 1 4 3 6 0 4 2 7 1 4 3 6 0 4 2 7 1 4 3 6 0 4 2 7 1 4 3 6 0 4 2 7 1 4 3 6 0 4 2 7 1 4 3 6 0 4 2 7 1 6 3 0 231 231 231 
3 7 0 6 3 4 0 7 2 5 0 6 3 4 0 7 2 5 0 6 3 4 0 7 2 5 0 6 3 4 0 7 2 5 0 6 3 4 0 7 2 5 0 6 3 4 0 7 2 5 0 6 3 4 0 7 2 5 0 6 3 4 0 7 2 5 3 6 4 231 231 231 
7 2 6 4 2 7 1 5 2 6 0 4 2 7 1 5 2 6 0 4 2 7 1 5 2 6 0 4 2 7 1 5 2 6 0 4 2 7 1 5 2 6 0 4 2 7 1 5 2 6 0 4 2 7 1 5 2 6 0 4 2 7 1 5 2 6 0 4 7 231 231 231 
2 6 2 7 1 4 3 6 0 4 2 7 1 4 3 6 0 4 2 7 1 4 3 6 0 4 2 7 1 4 3 6 0 4 2 7 1 4 3 6 0 4 2 7 1 4 3 6 0 4 2 7 1 4 3 6 0 4 2 7 1 4 3 6 0 4 2 7 1 231 231 231 
3 7 1 5 2 6 0 4 3 7 1 5 2 6 0 4 3 7 1 5 2 6 0 4 3 7 1 5 2 6 0 4 3 7 1 5 2 6 0 4 3 7 1 5 2 6 0 4 3 7 1 5 2 6 0 4 3 7 1 5 2 6 0 4 3 7 1 5 2 6 231 231 
3 5 1 7 2 4 0 6 3 5 1 7 2 4 0 6 3 5 1 7 4 2 0 6 3 5 1 7 2 4 0 6 3 5 1 7 2 4 0 6 3 5 1 7 2 4 0 6 3 5 1 7 2 4 0 6 3 5 1 7 2 4 0 6 3 5 1 7 2 4 231 231 
5 3 7 0 4 2 6 1 5 3 7 0 4 2 6 1 5 3 7 0 4 2 6 1 5 3 7 0 4 2 6 1 5 3 7 0 4 2 6 1 5 3 7 0 4 2 6 1 5 3 7 0 4 2 6 1 5 3 7 0 4 2 6 1 5 3 7 0 4 2 231 231 
5 1 6 3 4 0 7 2 5 1 6 3 4 0 7 2 5 1 6 3 4 0 7 2 5 1 6 3 4 0 2 5 1 6 3 4 0 7 2 5 1 6 3 4 0 7 2 5 1 6 3 4 0 7 2 5 1 6 3 4 0 7 2 5 1 6 3 4 0 7 231 231 
5 1 7 3 4 0 6 2 5 1 7 3 4 0 6 2 5 1 7 3 4 0 6 2 5 1 7 3 4 0 6 2 5 1 7 3 4 0 6 2 5 1 7 3 4 0 6 2 5 1 7 3 4 0 6 2 5 1 7 3 4 0 6 2 5 1 7 3 4 0 231 231 
1 5 2 6 0 4 3 7 1 5 2 6 0 4 3 7 1 5 2 6 0 4 3 7 1 5 2 6 0 4 3 7 1 5 2 6 0 4 3 7 1 5 2 6 0 4 3 7 1 5 2 6 0 4 3 7 1 5 2 6 0 4 3 7 1 5 2 6 0 4 231 231 
5 1 6 3 4 0 7 2 5 1 6 3 4 0 7 2 5 1 6 3 4 0 7 2 5 1 6 3 4 0 7 2 5 1 6 3 4 0 7 2 5 1 6 3 4 0 7 2 5 1 6 3 4 0 7 2 5 1 6 3 4 0 7 1 5 3 6 0 4 2 231 231 
7 2 5 1 6 3 4 7 0 5 2 6 1 4 3 7 0 5 2 6 1 4 3 7 0 5 2 6 1 4 3 7 0 5 2 6 1 4 3 7 0 5 2 6 1 4 3 7 0 5 2 6 1 4 3 7 0 5 2 6 1 4 3 7 0 5 2 6 1 4 231 231 
3 5 0 6 2 4 1 7 3 5 0 6 2 4 1 7 3 5 0 6 2 4 1 7 3 5 0 6 2 4 1 7 3 5 0 6 2 4 1 7 3 5 0 6 2 4 1 7 3 5 0 6 2 4 1 7 3 5 0 6 2 4 1 7 3 5 0 6 2 4 231 231 
1 5 3 6 0 4 2 7 1 5 3 6 0 4 2 7 1 5 3 6 0 4 2 7 1 5 3 6 0 4 2 7 1 5 3 6 0 4 2 7 1 5 3 6 0 4 2 7 1 5 3 6 0 4 2 7 1 5 3 6 0 4 2 7 1 5 3 6 0 4 231 231 
3 6 1 5 2 7 0 4 3 6 1 5 2 7 0 4 3 6 1 5 2 7 0 4 3 6 1 5 2 7 0 4 3 6 1 5 2 7 0 4 3 6 1 5 2 7 0 4 3 6 1 5 2 7 0 4 3 6 1 5 2 7 0 4 3 6 1 5 2 7 231 231 
6 3 5 1 7 2 4 0 6 3 5 1 7 2 4 0 6 3 5 1 7 2 4 0 6 3 5 1 7 2 4 0 6 3 5 1 7 2 4 0 6 3 5 1 7 2 4 0 6 3 5 1 7 2 4 0 6 3 5 1 7 2 4 0 6 3 5 1 7 2 231 231 
5 3 6 1 4 2 7 0 5 3 6 1 4 2 7 0 5 3 6 1 4 2 7 0 5 3 6 1 4 2 7 0 5 3 6 1 4 2 7 0 5 3 6 1 4 2 7 0 5 3 6 1 4 2 7 0 5 3 6 1 4 2 7 0 5 3 6 1 4 2 231 231 
7 2 5 0 6 3 4 1 7 2 5 0 6 3 4 1 7 2 5 0 6 3 4 1 7 2 5 0 6 3 4 1 7 2 5 0 6 3 4 1 7 2 5 0 6 3 4 1 7 2 5 0 6 3 4 1 7 2 5 0 6 3 4 1 7 2 5 0 6 3 231 231 
6 3 5 1 7 2 4 0 6 3 5 1 7 2 4 0 6 3 5 1 7 2 4 0 6 3 5 1 7 2 4 0 6 3 5 1 7 2 4 0 6 3 5 1 7 2 4 0 6 3 5 1 7 2 4 0 6 3 5 1 7 2 4 0 6 3 5 1 7 2 231 231 
1 6 2 5 0 7 3 4 1 6 2 5 0 7 3 4 1 6 2 5 0 7 3 4 1 6 2 5 0 7 3 4 1 6 2 5 0 7 3 4 1 6 2 5 0 7 3 4 1 6 2 5 0 7 3 4 1 6 2 5 0 7 3 4 1 6 2 5 0 7 231 231 
7 2 5 1 6 3 4 0 7 2 5 1 6 3 4 0 7 2 5 1 6 3 4 0 7 2 5 1 6 3 4 0 7 5 2 6 1 4 3 7 0 5 2 6 1 4 3 7 0 5 2 6 1 4 3 7 0 5 2 6 1 4 3 7 0 5 2 6 1 4 231 231 
5 3 7 0 4 2 6 1 5 3 7 0 4 2 6 1 5 3 7 0 4 2 6 1 5 3 7 0 4 2 6 1 5 3 7 0 4 2 6 1 5 3 7 0 4 2 6 1 5 3 7 0 4 2 6 1 5 3 7 0 4 2 6 1 5 3 7 0 4 2 231 231 
5 1 7 3 4 0 6 2 5 1 7 3 4 0 6 2 5 1 7 3 4 0 6 2 5 1 7 3 4 0 6 2 5 1 7 3 4 0 6 2 5 1 7 3 4 0 6 2 5 1 7 3 4 0 6 2 5 1 7 3 4 0 6 2 5 1 7 3 4 0 231 231 
