0 3 1 2 4 0 3 1 2 4 0 3 1 2 4 0 3 1 2 4 0 3 1 2 4 0 3 1 231 231 
1 3 4 2 0 1 3 4 2 0 1 3 4 2 0 1 3 4 2 0 1 3 4 2 0 3 1 4 231 231 
4 3 0 2 1 4 3 0 2 1 4 3 0 2 1 4 3 0 2 1 4 3 0 1 2 4 3 0 231 231 
0 3 1 2 4 0 3 1 2 4 0 3 1 2 4 0 3 1 4 2 0 3 1 4 2 0 3 1 231 231 
4 3 1 2 0 4 3 1 2 4 0 3 1 2 4 0 3 1 2 4 0 3 1 2 4 0 3 1 231 231 
3 0 2 4 1 3 0 4 2 1 3 0 4 2 1 3 0 4 2 1 3 0 4 2 1 3 0 4 231 231 
1 4 0 3 2 1 4 0 3 2 1 4 0 3 2 1 4 0 3 2 1 4 0 3 2 1 4 0 231 231 
1 0 3 2 4 1 0 3 2 4 1 0 3 4 2 1 0 3 4 2 1 0 3 4 2 1 0 3 231 231 
4 3 1 2 0 4 3 1 2 0 4 3 1 2 0 4 3 1 2 0 4 3 1 2 0 4 3 1 231 231 
3 4 2 1 0 3 4 2 0 1 3 4 2 0 1 3 4 2 0 1 3 4 2 0 1 3 4 2 231 231 
4 0 1 3 2 4 0 3 1 2 4 0 3 1 2 4 0 3 1 2 4 0 3 1 2 4 0 3 231 231 
4 1 0 2 3 4 1 0 2 3 4 1 0 2 3 4 1 0 2 3 4 1 0 2 3 4 1 0 231 231 
2 0 1 3 4 2 0 1 3 4 2 0 1 3 4 2 0 1 3 4 2 0 1 3 4 2 0 1 231 231 
3 4 0 2 4 1 3 0 4 2 1 3 0 4 2 1 3 0 4 2 1 3 0 4 2 1 3 0 231 231 
4 1 2 3 0 4 1 2 3 0 4 1 2 3 0 4 1 2 3 0 4 1 2 3 4 0 1 2 231 231 
4 2 1 0 3 4 2 1 0 3 4 2 1 0 3 4 2 0 1 3 4 2 0 3 1 4 2 0 231 231 
4 0 2 3 1 4 0 2 3 1 4 0 2 3 1 4 0 2 3 1 4 0 2 3 1 4 0 2 231 231 
1 0 2 3 4 1 0 2 3 4 1 0 2 3 4 1 0 2 3 4 1 0 2 3 4 1 0 2 231 231 
0 4 3 2 1 0 4 3 2 1 0 4 3 2 1 0 4 3 2 1 0 4 3 2 1 0 4 3 231 231 
1 3 0 4 2 1 3 0 4 2 1 3 0 4 2 1 3 0 4 1 2 3 0 4 1 2 3 0 231 231 
4 3 1 2 0 4 3 1 2 0 4 3 1 2 0 4 3 1 2 0 3 4 1 2 3 0 4 1 231 231 
4 0 3 2 1 4 0 3 2 1 4 0 3 2 1 4 0 3 2 1 4 3 2 0 1 4 3 2 231 231 
1 3 4 2 0 1 3 4 2 0 1 4 3 2 0 1 4 3 2 0 1 4 3 2 0 1 4 3 231 231 
0 4 3 2 1 0 4 2 3 1 0 4 2 3 1 0 4 2 3 1 4 0 2 1 3 4 0 2 231 231 
4 1 3 2 0 4 1 3 2 0 4 1 3 4 2 0 1 3 4 2 0 1 3 4 2 0 1 3 231 231 
1 4 3 0 2 1 4 3 0 1 2 4 3 0 1 2 4 3 0 1 2 4 3 0 1 2 4 3 231 231 
4 0 3 2 1 4 0 3 2 1 4 0 3 2 1 4 3 0 2 1 4 3 0 2 1 4 3 0 231 231 
1 0 2 4 1 3 0 4 2 1 3 0 4 2 1 3 0 4 2 1 3 0 4 2 1 3 0 4 231 231 
3 1 4 2 0 3 1 4 2 3 0 1 4 2 3 0 1 4 2 3 0 1 4 2 3 0 1 4 231 231 
4 3 2 1 0 4 3 2 1 0 4 3 2 1 0 4 3 2 1 0 4 3 2 1 0 4 3 2 231 231 
