0 0 2 1 0 2 1 0 2 1 231 231 
2 1 0 2 1 0 2 1 0 2 231 231 
2 0 1 2 0 1 2 0 1 2 231 231 
0 1 2 0 1 2 0 1 2 0 231 231 
1 0 2 1 0 2 1 0 2 1 231 231 
2 0 1 2 0 1 2 0 1 2 231 231 
2 0 1 2 0 1 2 0 1 2 231 231 
1 0 2 1 0 2 1 0 2 1 231 231 
2 0 1 2 0 1 2 0 1 2 231 231 
1 0 2 1 0 2 1 0 2 1 231 231 
2 0 1 2 0 1 2 0 1 2 231 231 
2 0 1 2 0 1 2 0 1 2 231 231 
1 0 2 1 0 2 1 0 2 1 231 231 
2 0 1 2 0 1 2 0 1 2 231 231 
1 0 2 1 0 2 1 0 2 1 231 231 
1 0 2 1 0 2 1 0 2 1 231 231 
1 0 2 1 0 2 1 0 2 1 231 231 
1 0 2 1 0 2 1 0 2 1 231 231 
2 0 1 2 0 1 2 0 1 2 231 231 
1 0 2 1 0 2 1 0 2 1 231 231 
2 0 1 2 0 1 2 0 1 2 231 231 
2 0 1 2 0 1 2 0 1 2 231 231 
2 0 1 2 0 1 2 0 1 2 231 231 
2 0 1 2 0 1 2 0 1 2 231 231 
1 0 2 1 0 2 1 0 2 1 231 231 
1 0 2 1 0 2 1 0 2 1 231 231 
1 0 2 1 0 2 1 0 2 1 231 231 
0 2 1 0 2 1 0 2 1 0 231 231 
1 0 2 1 0 2 1 0 2 1 231 231 
2 0 1 2 0 1 2 0 1 2 231 231 
